    1000.0      0.89921E-24
    1038.0      0.30381E-21
    1076.0      0.46631E-19
    1114.0      0.36943E-17
    1152.0      0.16809E-15
    1190.0      0.47781E-14
    1228.0      0.91103E-13
    1266.0      0.12342E-11
    1304.0      0.12465E-10
    1342.0      0.97732E-10
    1380.0      0.61572E-09
    1418.0      0.32068E-08
    1456.0      0.14128E-07
    1494.0      0.53765E-07
    1532.0      0.18164E-06
    1570.0      0.55439E-06
    1608.0      0.15247E-05
    1646.0      0.38234E-05
    1684.0      0.88340E-05
    1722.0      0.18971E-04
    1760.0      0.38165E-04
    1798.0      0.72417E-04
    1836.0      0.13037E-03
    1874.0      0.22388E-03
    1912.0      0.36844E-03
    1950.0      0.58340E-03
    1988.0      0.89216E-03
    2026.0      0.13221E-02
    2064.0      0.19172E-02
    2102.0      0.27060E-02
    2140.0      0.37260E-02
    2178.0      0.50165E-02
    2216.0      0.66164E-02
    2254.0      0.85634E-02
    2292.0      0.10894E-01
    2330.0      0.13641E-01
    2368.0      0.16833E-01
    2406.0      0.20495E-01
    2444.0      0.24647E-01
    2482.0      0.29303E-01
    2520.0      0.34474E-01
    2558.0      0.40162E-01
    2596.0      0.46368E-01
    2634.0      0.53086E-01
    2672.0      0.60305E-01
    2710.0      0.68011E-01
    2748.0      0.76189E-01
    2786.0      0.84814E-01
    2824.0      0.93866E-01
    2862.0      0.10332    
    2900.0      0.11314    
    2938.0      0.12331    
    2976.0      0.13380    
    3014.0      0.14458    
    3052.0      0.15577    
    3090.0      0.16725    
    3128.0      0.17894    
    3166.0      0.19082    
    3204.0      0.20284    
    3242.0      0.21499    
    3280.0      0.22723    
    3318.0      0.23954    
    3356.0      0.25190    
    3394.0      0.26429    
    3432.0      0.27667    
    3470.0      0.28904    
    3508.0      0.30138    
    3546.0      0.31366    
    3584.0      0.32587    
    3622.0      0.33799    
    3660.0      0.35002    
    3698.0      0.36194    
    3736.0      0.37375    
    3774.0      0.38542    
    3812.0      0.39695    
    3850.0      0.40834    
    3888.0      0.41958    
    3926.0      0.43066    
    3964.0      0.44157    
    4002.0      0.45232    
    4040.0      0.46290    
    4078.0      0.47330    
    4116.0      0.48357    
    4154.0      0.49374    
    4192.0      0.50373    
    4230.0      0.51353    
    4268.0      0.52315    
    4306.0      0.53258    
    4344.0      0.54183    
    4382.0      0.55090    
    4420.0      0.55979    
    4458.0      0.56849    
    4496.0      0.57702    
    4534.0      0.58537    
    4572.0      0.59355    
    4610.0      0.60155    
    4648.0      0.60939    
    4686.0      0.61705    
    4724.0      0.62455    
    4762.0      0.63188    
    4800.0      0.63906    
    4838.0      0.64608    
    4876.0      0.65294    
    4914.0      0.65965    
    4952.0      0.66621    
    4990.0      0.67262    
    5028.0      0.67889    
    5066.0      0.68502    
    5104.0      0.69101    
    5142.0      0.69687    
    5180.0      0.70260    
    5218.0      0.70819    
    5256.0      0.71371    
    5294.0      0.71910    
    5332.0      0.72436    
    5370.0      0.72951    
    5408.0      0.73454    
    5446.0      0.73946    
    5484.0      0.74426    
    5522.0      0.74896    
    5560.0      0.75355    
    5598.0      0.75803    
    5636.0      0.76241    
    5674.0      0.76669    
    5712.0      0.77088    
    5750.0      0.77497    
    5788.0      0.77896    
    5826.0      0.78287    
    5864.0      0.78669    
    5902.0      0.79043    
    5940.0      0.79407    
    5978.0      0.79764    
    6016.0      0.80113    
    6054.0      0.80454    
    6092.0      0.80788    
    6130.0      0.81114    
    6168.0      0.81433    
    6206.0      0.81745    
    6244.0      0.82050    
    6282.0      0.82348    
    6320.0      0.82640    
    6358.0      0.82927    
    6396.0      0.83208    
    6434.0      0.83483    
    6472.0      0.83752    
    6510.0      0.84015    
    6548.0      0.84272    
    6586.0      0.84524    
    6624.0      0.84770    
    6662.0      0.85012    
    6700.0      0.85247    
    6738.0      0.85478    
    6776.0      0.85704    
    6814.0      0.85926    
    6852.0      0.86142    
    6890.0      0.86354    
    6928.0      0.86562    
    6966.0      0.86765    
    7004.0      0.86964    
    7042.0      0.87159    
    7080.0      0.87349    
    7118.0      0.87536    
    7156.0      0.87719    
    7194.0      0.87899    
    7232.0      0.88074    
    7270.0      0.88246    
    7308.0      0.88415    
    7346.0      0.88580    
    7384.0      0.88742    
    7422.0      0.88900    
    7460.0      0.89055    
    7498.0      0.89208    
    7536.0      0.89357    
    7574.0      0.89503    
    7612.0      0.89646    
    7650.0      0.89787    
    7688.0      0.89925    
    7726.0      0.90060    
    7764.0      0.90192    
    7802.0      0.90322    
    7840.0      0.90449    
    7878.0      0.90574    
    7916.0      0.90697    
    7954.0      0.90817    
    7992.0      0.90935    
    8030.0      0.91050    
    8068.0      0.91164    
    8106.0      0.91275    
    8144.0      0.91385    
    8182.0      0.91492    
    8220.0      0.91597    
    8258.0      0.91701    
    8296.0      0.91802    
    8334.0      0.91902    
    8372.0      0.92001    
    8410.0      0.92097    
    8448.0      0.92192    
    8486.0      0.92285    
    8524.0      0.92377    
    8562.0      0.92466    
    8600.0      0.92554    
    8638.0      0.92641    
    8676.0      0.92726    
    8714.0      0.92809    
    8752.0      0.92891    
    8790.0      0.92972    
    8828.0      0.93051    
    8866.0      0.93128    
    8904.0      0.93205    
    8942.0      0.93280    
    8980.0      0.93353    
    9018.0      0.93426    
    9056.0      0.93497    
    9094.0      0.93566    
    9132.0      0.93635    
    9170.0      0.93703    
    9208.0      0.93769    
    9246.0      0.93834    
    9284.0      0.93898    
    9322.0      0.93961    
    9360.0      0.94023    
    9398.0      0.94083    
    9436.0      0.94143    
    9474.0      0.94202    
    9512.0      0.94260    
    9550.0      0.94317    
    9588.0      0.94372    
    9626.0      0.94427    
    9664.0      0.94481    
    9702.0      0.94534    
    9740.0      0.94587    
    9778.0      0.94638    
    9816.0      0.94689    
    9854.0      0.94738    
    9892.0      0.94787    
    9930.0      0.94835    
    9968.0      0.94883    
    10006.      0.94929    
    10044.      0.94976    
    10082.      0.95021    
    10120.      0.95066    
    10158.      0.95110    
    10196.      0.95153    
    10234.      0.95196    
    10272.      0.95238    
    10310.      0.95279    
    10348.      0.95320    
    10386.      0.95360    
    10424.      0.95399    
    10462.      0.95438    
    10500.      0.95476    
    10538.      0.95514    
    10576.      0.95551    
    10614.      0.95588    
    10652.      0.95624    
    10690.      0.95659    
    10728.      0.95694    
    10766.      0.95728    
    10804.      0.95762    
    10842.      0.95795    
    10880.      0.95828    
    10918.      0.95860    
    10956.      0.95892    
    10994.      0.95924    
    11032.      0.95955    
    11070.      0.95985    
    11108.      0.96015    
    11146.      0.96045    
    11184.      0.96074    
    11222.      0.96102    
    11260.      0.96131    
    11298.      0.96159    
    11336.      0.96186    
    11374.      0.96213    
    11412.      0.96240    
    11450.      0.96266    
    11488.      0.96292    
    11526.      0.96318    
    11564.      0.96343    
    11602.      0.96368    
    11640.      0.96392    
    11678.      0.96416    
    11716.      0.96440    
    11754.      0.96464    
    11792.      0.96487    
    11830.      0.96510    
    11868.      0.96532    
    11906.      0.96554    
    11944.      0.96576    
    11982.      0.96598    
    12020.      0.96619    
    12058.      0.96640    
    12096.      0.96661    
    12134.      0.96681    
    12172.      0.96701    
    12210.      0.96721    
    12248.      0.96741    
    12286.      0.96760    
    12324.      0.96779    
    12362.      0.96798    
    12400.      0.96816    
    12438.      0.96835    
    12476.      0.96853    
    12514.      0.96871    
    12552.      0.96889    
    12590.      0.96906    
    12628.      0.96923    
    12666.      0.96940    
    12704.      0.96957    
    12742.      0.96974    
    12780.      0.96990    
    12818.      0.97006    
    12856.      0.97022    
    12894.      0.97038    
    12932.      0.97054    
    12970.      0.97069    
    13008.      0.97084    
    13046.      0.97099    
    13084.      0.97114    
    13122.      0.97128    
    13160.      0.97142    
    13198.      0.97157    
    13236.      0.97171    
    13274.      0.97184    
    13312.      0.97198    
    13350.      0.97211    
    13388.      0.97225    
    13426.      0.97238    
    13464.      0.97251    
    13502.      0.97264    
    13540.      0.97276    
    13578.      0.97289    
    13616.      0.97301    
    13654.      0.97313    
    13692.      0.97325    
    13730.      0.97337    
    13768.      0.97349    
    13806.      0.97360    
    13844.      0.97372    
    13882.      0.97383    
    13920.      0.97394    
    13958.      0.97405    
    13996.      0.97416    
    14034.      0.97426    
    14072.      0.97437    
    14110.      0.97447    
    14148.      0.97458    
    14186.      0.97468    
    14224.      0.97478    
    14262.      0.97488    
    14300.      0.97498    
    14338.      0.97507    
    14376.      0.97517    
    14414.      0.97527    
    14452.      0.97536    
    14490.      0.97545    
    14528.      0.97554    
    14566.      0.97563    
    14604.      0.97572    
    14642.      0.97581    
    14680.      0.97590    
    14718.      0.97598    
    14756.      0.97607    
    14794.      0.97615    
    14832.      0.97623    
    14870.      0.97632    
    14908.      0.97640    
    14946.      0.97648    
    14984.      0.97656    
    15022.      0.97664    
    15060.      0.97672    
    15098.      0.97680    
    15136.      0.97688    
    15174.      0.97696    
    15212.      0.97703    
    15250.      0.97711    
    15288.      0.97719    
    15326.      0.97726    
    15364.      0.97733    
    15402.      0.97741    
    15440.      0.97748    
    15478.      0.97755    
    15516.      0.97762    
    15554.      0.97769    
    15592.      0.97776    
    15630.      0.97783    
    15668.      0.97790    
    15706.      0.97797    
    15744.      0.97803    
    15782.      0.97810    
    15820.      0.97816    
    15858.      0.97823    
    15896.      0.97829    
    15934.      0.97835    
    15972.      0.97841    
    16010.      0.97848    
    16048.      0.97854    
    16086.      0.97860    
    16124.      0.97866    
    16162.      0.97872    
    16200.      0.97877    
    16238.      0.97883    
    16276.      0.97889    
    16314.      0.97894    
    16352.      0.97900    
    16390.      0.97906    
    16428.      0.97911    
    16466.      0.97917    
    16504.      0.97922    
    16542.      0.97927    
    16580.      0.97933    
    16618.      0.97938    
    16656.      0.97943    
    16694.      0.97948    
    16732.      0.97953    
    16770.      0.97958    
    16808.      0.97963    
    16846.      0.97968    
    16884.      0.97973    
    16922.      0.97978    
    16960.      0.97982    
    16998.      0.97987    
    17036.      0.97992    
    17074.      0.97996    
    17112.      0.98001    
    17150.      0.98005    
    17188.      0.98010    
    17226.      0.98014    
    17264.      0.98019    
    17302.      0.98023    
    17340.      0.98027    
    17378.      0.98031    
    17416.      0.98036    
    17454.      0.98040    
    17492.      0.98044    
    17530.      0.98048    
    17568.      0.98052    
    17606.      0.98056    
    17644.      0.98060    
    17682.      0.98064    
    17720.      0.98068    
    17758.      0.98071    
    17796.      0.98075    
    17834.      0.98079    
    17872.      0.98083    
    17910.      0.98086    
    17948.      0.98090    
    17986.      0.98094    
    18024.      0.98097    
    18062.      0.98101    
    18100.      0.98104    
    18138.      0.98108    
    18176.      0.98111    
    18214.      0.98115    
    18252.      0.98118    
    18290.      0.98121    
    18328.      0.98124    
    18366.      0.98128    
    18404.      0.98131    
    18442.      0.98134    
    18480.      0.98137    
    18518.      0.98140    
    18556.      0.98144    
    18594.      0.98147    
    18632.      0.98150    
    18670.      0.98153    
    18708.      0.98156    
    18746.      0.98159    
    18784.      0.98162    
    18822.      0.98164    
    18860.      0.98167    
    18898.      0.98170    
    18936.      0.98173    
    18974.      0.98176    
    19012.      0.98179    
    19050.      0.98181    
    19088.      0.98184    
    19126.      0.98187    
    19164.      0.98189    
    19202.      0.98192    
    19240.      0.98195    
    19278.      0.98197    
    19316.      0.98200    
    19354.      0.98202    
    19392.      0.98205    
    19430.      0.98207    
    19468.      0.98210    
    19506.      0.98212    
    19544.      0.98215    
    19582.      0.98217    
    19620.      0.98219    
    19658.      0.98222    
    19696.      0.98224    
    19734.      0.98226    
    19772.      0.98229    
    19810.      0.98231    
    19848.      0.98233    
    19886.      0.98235    
    19924.      0.98237    
    19962.      0.98240    
    20000.      0.98242    
