    1000.0      0.40766E-09
    1038.0      0.31501E-08
    1076.0      0.19246E-07
    1114.0      0.94695E-07
    1152.0      0.38555E-06
    1190.0      0.13353E-05
    1228.0      0.40254E-05
    1266.0      0.10870E-04
    1304.0      0.26755E-04
    1342.0      0.60030E-04
    1380.0      0.12410E-03
    1418.0      0.23872E-03
    1456.0      0.43126E-03
    1494.0      0.73773E-03
    1532.0      0.12067E-02
    1570.0      0.18879E-02
    1608.0      0.28398E-02
    1646.0      0.41239E-02
    1684.0      0.58032E-02
    1722.0      0.79393E-02
    1760.0      0.10617E-01
    1798.0      0.13889E-01
    1836.0      0.17796E-01
    1874.0      0.22374E-01
    1912.0      0.27648E-01
    1950.0      0.33637E-01
    1988.0      0.40345E-01
    2026.0      0.47716E-01
    2064.0      0.55891E-01
    2102.0      0.64774E-01
    2140.0      0.74335E-01
    2178.0      0.84542E-01
    2216.0      0.95358E-01
    2254.0      0.10674    
    2292.0      0.11864    
    2330.0      0.13102    
    2368.0      0.14382    
    2406.0      0.15700    
    2444.0      0.17050    
    2482.0      0.18428    
    2520.0      0.19829    
    2558.0      0.21249    
    2596.0      0.22683    
    2634.0      0.24128    
    2672.0      0.25579    
    2710.0      0.27032    
    2748.0      0.28486    
    2786.0      0.29936    
    2824.0      0.31379    
    2862.0      0.32813    
    2900.0      0.34238    
    2938.0      0.35649    
    2976.0      0.37044    
    3014.0      0.38423    
    3052.0      0.39784    
    3090.0      0.41126    
    3128.0      0.42447    
    3166.0      0.43747    
    3204.0      0.45023    
    3242.0      0.42111    
    3280.0      0.43346    
    3318.0      0.44561    
    3356.0      0.45756    
    3394.0      0.46929    
    3432.0      0.48081    
    3470.0      0.49213    
    3508.0      0.50323    
    3546.0      0.51411    
    3584.0      0.52478    
    3622.0      0.53523    
    3660.0      0.54546    
    3698.0      0.55548    
    3736.0      0.56527    
    3774.0      0.57486    
    3812.0      0.58423    
    3850.0      0.59340    
    3888.0      0.60235    
    3926.0      0.61111    
    3964.0      0.61966    
    4002.0      0.62803    
    4040.0      0.63620    
    4078.0      0.64416    
    4116.0      0.65193    
    4154.0      0.65952    
    4192.0      0.66692    
    4230.0      0.67413    
    4268.0      0.68118    
    4306.0      0.68805    
    4344.0      0.69475    
    4382.0      0.70128    
    4420.0      0.70766    
    4458.0      0.71388    
    4496.0      0.71995    
    4534.0      0.72586    
    4572.0      0.73163    
    4610.0      0.73726    
    4648.0      0.74274    
    4686.0      0.74810    
    4724.0      0.75332    
    4762.0      0.75841    
    4800.0      0.76338    
    4838.0      0.76822    
    4876.0      0.77295    
    4914.0      0.77756    
    4952.0      0.78205    
    4990.0      0.78644    
    5028.0      0.79072    
    5066.0      0.79490    
    5104.0      0.79897    
    5142.0      0.80295    
    5180.0      0.80683    
    5218.0      0.81061    
    5256.0      0.81431    
    5294.0      0.81792    
    5332.0      0.82144    
    5370.0      0.82488    
    5408.0      0.82823    
    5446.0      0.83151    
    5484.0      0.83471    
    5522.0      0.83783    
    5560.0      0.84088    
    5598.0      0.84386    
    5636.0      0.84677    
    5674.0      0.84961    
    5712.0      0.85239    
    5750.0      0.85510    
    5788.0      0.85775    
    5826.0      0.86034    
    5864.0      0.86287    
    5902.0      0.86535    
    5940.0      0.86777    
    5978.0      0.87013    
    6016.0      0.87244    
    6054.0      0.87470    
    6092.0      0.87691    
    6130.0      0.87906    
    6168.0      0.88118    
    6206.0      0.88324    
    6244.0      0.88526    
    6282.0      0.88724    
    6320.0      0.88917    
    6358.0      0.89106    
    6396.0      0.89291    
    6434.0      0.89471    
    6472.0      0.89648    
    6510.0      0.89822    
    6548.0      0.89991    
    6586.0      0.90157    
    6624.0      0.90320    
    6662.0      0.90479    
    6700.0      0.90635    
    6738.0      0.90787    
    6776.0      0.90937    
    6814.0      0.91083    
    6852.0      0.91226    
    6890.0      0.91366    
    6928.0      0.91504    
    6966.0      0.91638    
    7004.0      0.91770    
    7042.0      0.91899    
    7080.0      0.92026    
    7118.0      0.92150    
    7156.0      0.92271    
    7194.0      0.92390    
    7232.0      0.92507    
    7270.0      0.92622    
    7308.0      0.92734    
    7346.0      0.92844    
    7384.0      0.92952    
    7422.0      0.93058    
    7460.0      0.93161    
    7498.0      0.93263    
    7536.0      0.93363    
    7574.0      0.93461    
    7612.0      0.93557    
    7650.0      0.93651    
    7688.0      0.93743    
    7726.0      0.93834    
    7764.0      0.93923    
    7802.0      0.94010    
    7840.0      0.94096    
    7878.0      0.94180    
    7916.0      0.94263    
    7954.0      0.94344    
    7992.0      0.94423    
    8030.0      0.94501    
    8068.0      0.94578    
    8106.0      0.94653    
    8144.0      0.94727    
    8182.0      0.94800    
    8220.0      0.94871    
    8258.0      0.94941    
    8296.0      0.95010    
    8334.0      0.95077    
    8372.0      0.95144    
    8410.0      0.95209    
    8448.0      0.95273    
    8486.0      0.95336    
    8524.0      0.95398    
    8562.0      0.95459    
    8600.0      0.95518    
    8638.0      0.95577    
    8676.0      0.95635    
    8714.0      0.95692    
    8752.0      0.95747    
    8790.0      0.95802    
    8828.0      0.95856    
    8866.0      0.95909    
    8904.0      0.95961    
    8942.0      0.96012    
    8980.0      0.96063    
    9018.0      0.96112    
    9056.0      0.96161    
    9094.0      0.96209    
    9132.0      0.96256    
    9170.0      0.96302    
    9208.0      0.96348    
    9246.0      0.96393    
    9284.0      0.96437    
    9322.0      0.96480    
    9360.0      0.96523    
    9398.0      0.96565    
    9436.0      0.96606    
    9474.0      0.96647    
    9512.0      0.96687    
    9550.0      0.96726    
    9588.0      0.96765    
    9626.0      0.96803    
    9664.0      0.96841    
    9702.0      0.96878    
    9740.0      0.96915    
    9778.0      0.96950    
    9816.0      0.96986    
    9854.0      0.97021    
    9892.0      0.97055    
    9930.0      0.97088    
    9968.0      0.97122    
    10006.      0.97154    
    10044.      0.97187    
    10082.      0.97218    
    10120.      0.97250    
    10158.      0.97280    
    10196.      0.97311    
    10234.      0.97341    
    10272.      0.97370    
    10310.      0.97399    
    10348.      0.97428    
    10386.      0.97456    
    10424.      0.97484    
    10462.      0.97511    
    10500.      0.97538    
    10538.      0.97565    
    10576.      0.97591    
    10614.      0.97617    
    10652.      0.97642    
    10690.      0.97667    
    10728.      0.97692    
    10766.      0.97716    
    10804.      0.97740    
    10842.      0.97764    
    10880.      0.97787    
    10918.      0.97810    
    10956.      0.97833    
    10994.      0.97855    
    11032.      0.97877    
    11070.      0.97899    
    11108.      0.97921    
    11146.      0.97942    
    11184.      0.97963    
    11222.      0.97983    
    11260.      0.98004    
    11298.      0.98024    
    11336.      0.98043    
    11374.      0.98063    
    11412.      0.98082    
    11450.      0.98101    
    11488.      0.98120    
    11526.      0.98138    
    11564.      0.98157    
    11602.      0.98175    
    11640.      0.98192    
    11678.      0.98210    
    11716.      0.98227    
    11754.      0.98244    
    11792.      0.98261    
    11830.      0.98278    
    11868.      0.98294    
    11906.      0.98310    
    11944.      0.98326    
    11982.      0.98342    
    12020.      0.98357    
    12058.      0.98373    
    12096.      0.98388    
    12134.      0.98403    
    12172.      0.98418    
    12210.      0.98432    
    12248.      0.98447    
    12286.      0.98461    
    12324.      0.98475    
    12362.      0.98489    
    12400.      0.98502    
    12438.      0.98516    
    12476.      0.98529    
    12514.      0.98543    
    12552.      0.98556    
    12590.      0.98568    
    12628.      0.98581    
    12666.      0.98594    
    12704.      0.98606    
    12742.      0.98618    
    12780.      0.98630    
    12818.      0.98642    
    12856.      0.98654    
    12894.      0.98666    
    12932.      0.98677    
    12970.      0.98689    
    13008.      0.98700    
    13046.      0.98711    
    13084.      0.98722    
    13122.      0.98733    
    13160.      0.98744    
    13198.      0.98754    
    13236.      0.98765    
    13274.      0.98775    
    13312.      0.98785    
    13350.      0.98795    
    13388.      0.98805    
    13426.      0.98815    
    13464.      0.98825    
    13502.      0.98835    
    13540.      0.98844    
    13578.      0.98854    
    13616.      0.98863    
    13654.      0.98872    
    13692.      0.98881    
    13730.      0.98890    
    13768.      0.98899    
    13806.      0.98908    
    13844.      0.98917    
    13882.      0.98925    
    13920.      0.98934    
    13958.      0.98942    
    13996.      0.98950    
    14034.      0.98958    
    14072.      0.98967    
    14110.      0.98975    
    14148.      0.98983    
    14186.      0.98990    
    14224.      0.98998    
    14262.      0.99006    
    14300.      0.99013    
    14338.      0.99021    
    14376.      0.99028    
    14414.      0.99036    
    14452.      0.99043    
    14490.      0.99050    
    14528.      0.99057    
    14566.      0.99064    
    14604.      0.99071    
    14642.      0.99078    
    14680.      0.99085    
    14718.      0.99092    
    14756.      0.99098    
    14794.      0.99105    
    14832.      0.99111    
    14870.      0.99118    
    14908.      0.99124    
    14946.      0.99131    
    14984.      0.99137    
    15022.      0.99143    
    15060.      0.99149    
    15098.      0.99155    
    15136.      0.99161    
    15174.      0.99167    
    15212.      0.99173    
    15250.      0.99179    
    15288.      0.99185    
    15326.      0.99190    
    15364.      0.99196    
    15402.      0.99202    
    15440.      0.99207    
    15478.      0.99213    
    15516.      0.99218    
    15554.      0.99223    
    15592.      0.99229    
    15630.      0.99234    
    15668.      0.99239    
    15706.      0.99244    
    15744.      0.99249    
    15782.      0.99254    
    15820.      0.99259    
    15858.      0.99264    
    15896.      0.99269    
    15934.      0.99274    
    15972.      0.99279    
    16010.      0.99284    
    16048.      0.99288    
    16086.      0.99293    
    16124.      0.99298    
    16162.      0.99302    
    16200.      0.99307    
    16238.      0.99311    
    16276.      0.99316    
    16314.      0.99320    
    16352.      0.99324    
    16390.      0.99329    
    16428.      0.99333    
    16466.      0.99337    
    16504.      0.99341    
    16542.      0.99345    
    16580.      0.99350    
    16618.      0.99354    
    16656.      0.99358    
    16694.      0.99362    
    16732.      0.99366    
    16770.      0.99369    
    16808.      0.99373    
    16846.      0.99377    
    16884.      0.99381    
    16922.      0.99385    
    16960.      0.99388    
    16998.      0.99392    
    17036.      0.99396    
    17074.      0.99399    
    17112.      0.99403    
    17150.      0.99407    
    17188.      0.99410    
    17226.      0.99414    
    17264.      0.99417    
    17302.      0.99420    
    17340.      0.99424    
    17378.      0.99427    
    17416.      0.99431    
    17454.      0.99434    
    17492.      0.99437    
    17530.      0.99440    
    17568.      0.99444    
    17606.      0.99447    
    17644.      0.99450    
    17682.      0.99453    
    17720.      0.99456    
    17758.      0.99459    
    17796.      0.99462    
    17834.      0.99465    
    17872.      0.99468    
    17910.      0.99471    
    17948.      0.99474    
    17986.      0.99477    
    18024.      0.99480    
    18062.      0.99483    
    18100.      0.99486    
    18138.      0.99488    
    18176.      0.99491    
    18214.      0.99494    
    18252.      0.99497    
    18290.      0.99499    
    18328.      0.99502    
    18366.      0.99505    
    18404.      0.99507    
    18442.      0.99510    
    18480.      0.99513    
    18518.      0.99515    
    18556.      0.99518    
    18594.      0.99520    
    18632.      0.99523    
    18670.      0.99525    
    18708.      0.99528    
    18746.      0.99530    
    18784.      0.99532    
    18822.      0.99535    
    18860.      0.99537    
    18898.      0.99540    
    18936.      0.99542    
    18974.      0.99544    
    19012.      0.99546    
    19050.      0.99549    
    19088.      0.99551    
    19126.      0.99553    
    19164.      0.99555    
    19202.      0.99558    
    19240.      0.99560    
    19278.      0.99562    
    19316.      0.99564    
    19354.      0.99566    
    19392.      0.99568    
    19430.      0.99570    
    19468.      0.99573    
    19506.      0.99575    
    19544.      0.99577    
    19582.      0.99579    
    19620.      0.99581    
    19658.      0.99583    
    19696.      0.99585    
    19734.      0.99587    
    19772.      0.99589    
    19810.      0.99590    
    19848.      0.99592    
    19886.      0.99594    
    19924.      0.99596    
    19962.      0.99598    
    20000.      0.99600    
