    1000.0      0.94727E-15
    1038.0      0.24965E-13
    1076.0      0.45179E-12
    1114.0      0.57826E-11
    1152.0      0.54668E-10
    1190.0      0.39896E-09
    1228.0      0.23318E-08
    1266.0      0.11427E-07
    1304.0      0.48288E-07
    1342.0      0.17595E-06
    1380.0      0.56242E-06
    1418.0      0.16018E-05
    1456.0      0.41264E-05
    1494.0      0.97418E-05
    1532.0      0.21408E-04
    1570.0      0.43810E-04
    1608.0      0.84189E-04
    1646.0      0.15293E-03
    1684.0      0.26416E-03
    1722.0      0.43617E-03
    1760.0      0.69440E-03
    1798.0      0.10672E-02
    1836.0      0.15868E-02
    1874.0      0.22886E-02
    1912.0      0.32112E-02
    1950.0      0.43944E-02
    1988.0      0.58783E-02
    2026.0      0.76888E-02
    2064.0      0.99026E-02
    2102.0      0.12538E-01
    2140.0      0.15628E-01
    2178.0      0.19201E-01
    2216.0      0.23279E-01
    2254.0      0.27881E-01
    2292.0      0.33020E-01
    2330.0      0.38701E-01
    2368.0      0.44926E-01
    2406.0      0.51692E-01
    2444.0      0.58988E-01
    2482.0      0.66798E-01
    2520.0      0.75108E-01
    2558.0      0.83897E-01
    2596.0      0.93138E-01
    2634.0      0.10281    
    2672.0      0.11288    
    2710.0      0.12332    
    2748.0      0.13409    
    2786.0      0.14518    
    2824.0      0.15654    
    2862.0      0.16814    
    2900.0      0.17997    
    2938.0      0.19199    
    2976.0      0.20415    
    3014.0      0.21644    
    3052.0      0.22884    
    3090.0      0.24131    
    3128.0      0.25383    
    3166.0      0.26639    
    3204.0      0.27893    
    3242.0      0.25063    
    3280.0      0.26249    
    3318.0      0.27437    
    3356.0      0.28623    
    3394.0      0.29806    
    3432.0      0.30986    
    3470.0      0.32161    
    3508.0      0.33329    
    3546.0      0.34490    
    3584.0      0.35642    
    3622.0      0.36784    
    3660.0      0.37916    
    3698.0      0.39036    
    3736.0      0.40143    
    3774.0      0.41238    
    3812.0      0.42319    
    3850.0      0.43386    
    3888.0      0.44439    
    3926.0      0.45476    
    3964.0      0.46499    
    4002.0      0.47508    
    4040.0      0.48501    
    4078.0      0.49476    
    4116.0      0.50434    
    4154.0      0.51376    
    4192.0      0.52302    
    4230.0      0.53210    
    4268.0      0.54102    
    4306.0      0.54978    
    4344.0      0.55837    
    4382.0      0.56680    
    4420.0      0.57507    
    4458.0      0.58318    
    4496.0      0.59113    
    4534.0      0.59892    
    4572.0      0.60655    
    4610.0      0.61403    
    4648.0      0.62136    
    4686.0      0.62854    
    4724.0      0.63557    
    4762.0      0.64246    
    4800.0      0.64920    
    4838.0      0.65581    
    4876.0      0.66227    
    4914.0      0.66861    
    4952.0      0.67480    
    4990.0      0.68087    
    5028.0      0.68681    
    5066.0      0.69262    
    5104.0      0.69831    
    5142.0      0.70388    
    5180.0      0.70933    
    5218.0      0.71466    
    5256.0      0.71989    
    5294.0      0.72500    
    5332.0      0.73000    
    5370.0      0.73489    
    5408.0      0.73968    
    5446.0      0.74437    
    5484.0      0.74896    
    5522.0      0.75345    
    5560.0      0.75784    
    5598.0      0.76214    
    5636.0      0.76635    
    5674.0      0.77047    
    5712.0      0.77450    
    5750.0      0.77845    
    5788.0      0.78231    
    5826.0      0.78610    
    5864.0      0.78980    
    5902.0      0.79343    
    5940.0      0.79698    
    5978.0      0.80045    
    6016.0      0.80385    
    6054.0      0.80718    
    6092.0      0.81045    
    6130.0      0.81364    
    6168.0      0.81677    
    6206.0      0.81984    
    6244.0      0.82284    
    6282.0      0.82578    
    6320.0      0.82865    
    6358.0      0.83147    
    6396.0      0.83424    
    6434.0      0.83694    
    6472.0      0.83959    
    6510.0      0.84219    
    6548.0      0.84474    
    6586.0      0.84723    
    6624.0      0.84968    
    6662.0      0.85207    
    6700.0      0.85442    
    6738.0      0.85672    
    6776.0      0.85898    
    6814.0      0.86119    
    6852.0      0.86336    
    6890.0      0.86548    
    6928.0      0.86756    
    6966.0      0.86961    
    7004.0      0.87161    
    7042.0      0.87357    
    7080.0      0.87550    
    7118.0      0.87739    
    7156.0      0.87924    
    7194.0      0.88106    
    7232.0      0.88284    
    7270.0      0.88459    
    7308.0      0.88630    
    7346.0      0.88799    
    7384.0      0.88964    
    7422.0      0.89126    
    7460.0      0.89285    
    7498.0      0.89441    
    7536.0      0.89594    
    7574.0      0.89744    
    7612.0      0.89892    
    7650.0      0.90037    
    7688.0      0.90179    
    7726.0      0.90319    
    7764.0      0.90456    
    7802.0      0.90590    
    7840.0      0.90722    
    7878.0      0.90852    
    7916.0      0.90979    
    7954.0      0.91105    
    7992.0      0.91227    
    8030.0      0.91348    
    8068.0      0.91467    
    8106.0      0.91583    
    8144.0      0.91698    
    8182.0      0.91810    
    8220.0      0.91921    
    8258.0      0.92029    
    8296.0      0.92136    
    8334.0      0.92241    
    8372.0      0.92344    
    8410.0      0.92445    
    8448.0      0.92545    
    8486.0      0.92643    
    8524.0      0.92739    
    8562.0      0.92833    
    8600.0      0.92926    
    8638.0      0.93018    
    8676.0      0.93108    
    8714.0      0.93196    
    8752.0      0.93283    
    8790.0      0.93368    
    8828.0      0.93452    
    8866.0      0.93535    
    8904.0      0.93616    
    8942.0      0.93696    
    8980.0      0.93775    
    9018.0      0.93852    
    9056.0      0.93928    
    9094.0      0.94003    
    9132.0      0.94077    
    9170.0      0.94149    
    9208.0      0.94221    
    9246.0      0.94291    
    9284.0      0.94360    
    9322.0      0.94428    
    9360.0      0.94495    
    9398.0      0.94561    
    9436.0      0.94626    
    9474.0      0.94689    
    9512.0      0.94752    
    9550.0      0.94814    
    9588.0      0.94875    
    9626.0      0.94935    
    9664.0      0.94994    
    9702.0      0.95052    
    9740.0      0.95109    
    9778.0      0.95165    
    9816.0      0.95221    
    9854.0      0.95276    
    9892.0      0.95329    
    9930.0      0.95382    
    9968.0      0.95435    
    10006.      0.95486    
    10044.      0.95537    
    10082.      0.95587    
    10120.      0.95636    
    10158.      0.95684    
    10196.      0.95732    
    10234.      0.95779    
    10272.      0.95826    
    10310.      0.95871    
    10348.      0.95916    
    10386.      0.95961    
    10424.      0.96004    
    10462.      0.96048    
    10500.      0.96090    
    10538.      0.96132    
    10576.      0.96173    
    10614.      0.96214    
    10652.      0.96254    
    10690.      0.96294    
    10728.      0.96333    
    10766.      0.96371    
    10804.      0.96409    
    10842.      0.96446    
    10880.      0.96483    
    10918.      0.96520    
    10956.      0.96555    
    10994.      0.96591    
    11032.      0.96626    
    11070.      0.96660    
    11108.      0.96694    
    11146.      0.96727    
    11184.      0.96760    
    11222.      0.96793    
    11260.      0.96825    
    11298.      0.96857    
    11336.      0.96888    
    11374.      0.96919    
    11412.      0.96949    
    11450.      0.96979    
    11488.      0.97009    
    11526.      0.97038    
    11564.      0.97067    
    11602.      0.97095    
    11640.      0.97123    
    11678.      0.97151    
    11716.      0.97178    
    11754.      0.97205    
    11792.      0.97232    
    11830.      0.97258    
    11868.      0.97284    
    11906.      0.97310    
    11944.      0.97335    
    11982.      0.97360    
    12020.      0.97385    
    12058.      0.97409    
    12096.      0.97433    
    12134.      0.97457    
    12172.      0.97480    
    12210.      0.97503    
    12248.      0.97526    
    12286.      0.97549    
    12324.      0.97571    
    12362.      0.97593    
    12400.      0.97615    
    12438.      0.97636    
    12476.      0.97657    
    12514.      0.97678    
    12552.      0.97699    
    12590.      0.97719    
    12628.      0.97740    
    12666.      0.97759    
    12704.      0.97779    
    12742.      0.97799    
    12780.      0.97818    
    12818.      0.97837    
    12856.      0.97855    
    12894.      0.97874    
    12932.      0.97892    
    12970.      0.97910    
    13008.      0.97928    
    13046.      0.97946    
    13084.      0.97963    
    13122.      0.97980    
    13160.      0.97997    
    13198.      0.98014    
    13236.      0.98031    
    13274.      0.98047    
    13312.      0.98064    
    13350.      0.98080    
    13388.      0.98095    
    13426.      0.98111    
    13464.      0.98127    
    13502.      0.98142    
    13540.      0.98157    
    13578.      0.98172    
    13616.      0.98187    
    13654.      0.98201    
    13692.      0.98216    
    13730.      0.98230    
    13768.      0.98244    
    13806.      0.98258    
    13844.      0.98272    
    13882.      0.98286    
    13920.      0.98299    
    13958.      0.98313    
    13996.      0.98326    
    14034.      0.98339    
    14072.      0.98352    
    14110.      0.98364    
    14148.      0.98377    
    14186.      0.98390    
    14224.      0.98402    
    14262.      0.98414    
    14300.      0.98426    
    14338.      0.98438    
    14376.      0.98450    
    14414.      0.98462    
    14452.      0.98473    
    14490.      0.98485    
    14528.      0.98496    
    14566.      0.98507    
    14604.      0.98518    
    14642.      0.98529    
    14680.      0.98540    
    14718.      0.98551    
    14756.      0.98561    
    14794.      0.98572    
    14832.      0.98582    
    14870.      0.98592    
    14908.      0.98603    
    14946.      0.98613    
    14984.      0.98623    
    15022.      0.98632    
    15060.      0.98642    
    15098.      0.98652    
    15136.      0.98661    
    15174.      0.98671    
    15212.      0.98680    
    15250.      0.98690    
    15288.      0.98699    
    15326.      0.98708    
    15364.      0.98717    
    15402.      0.98726    
    15440.      0.98734    
    15478.      0.98743    
    15516.      0.98752    
    15554.      0.98760    
    15592.      0.98769    
    15630.      0.98777    
    15668.      0.98785    
    15706.      0.98794    
    15744.      0.98802    
    15782.      0.98810    
    15820.      0.98818    
    15858.      0.98826    
    15896.      0.98833    
    15934.      0.98841    
    15972.      0.98849    
    16010.      0.98856    
    16048.      0.98864    
    16086.      0.98871    
    16124.      0.98879    
    16162.      0.98886    
    16200.      0.98893    
    16238.      0.98900    
    16276.      0.98907    
    16314.      0.98914    
    16352.      0.98921    
    16390.      0.98928    
    16428.      0.98935    
    16466.      0.98942    
    16504.      0.98948    
    16542.      0.98955    
    16580.      0.98961    
    16618.      0.98968    
    16656.      0.98974    
    16694.      0.98981    
    16732.      0.98987    
    16770.      0.98993    
    16808.      0.98999    
    16846.      0.99005    
    16884.      0.99011    
    16922.      0.99017    
    16960.      0.99023    
    16998.      0.99029    
    17036.      0.99035    
    17074.      0.99041    
    17112.      0.99047    
    17150.      0.99052    
    17188.      0.99058    
    17226.      0.99063    
    17264.      0.99069    
    17302.      0.99074    
    17340.      0.99080    
    17378.      0.99085    
    17416.      0.99090    
    17454.      0.99096    
    17492.      0.99101    
    17530.      0.99106    
    17568.      0.99111    
    17606.      0.99116    
    17644.      0.99121    
    17682.      0.99126    
    17720.      0.99131    
    17758.      0.99136    
    17796.      0.99141    
    17834.      0.99146    
    17872.      0.99150    
    17910.      0.99155    
    17948.      0.99160    
    17986.      0.99165    
    18024.      0.99169    
    18062.      0.99174    
    18100.      0.99178    
    18138.      0.99183    
    18176.      0.99187    
    18214.      0.99191    
    18252.      0.99196    
    18290.      0.99200    
    18328.      0.99204    
    18366.      0.99209    
    18404.      0.99213    
    18442.      0.99217    
    18480.      0.99221    
    18518.      0.99225    
    18556.      0.99229    
    18594.      0.99233    
    18632.      0.99237    
    18670.      0.99241    
    18708.      0.99245    
    18746.      0.99249    
    18784.      0.99253    
    18822.      0.99257    
    18860.      0.99261    
    18898.      0.99264    
    18936.      0.99268    
    18974.      0.99272    
    19012.      0.99275    
    19050.      0.99279    
    19088.      0.99283    
    19126.      0.99286    
    19164.      0.99290    
    19202.      0.99293    
    19240.      0.99297    
    19278.      0.99300    
    19316.      0.99304    
    19354.      0.99307    
    19392.      0.99310    
    19430.      0.99314    
    19468.      0.99317    
    19506.      0.99320    
    19544.      0.99324    
    19582.      0.99327    
    19620.      0.99330    
    19658.      0.99333    
    19696.      0.99336    
    19734.      0.99339    
    19772.      0.99342    
    19810.      0.99346    
    19848.      0.99349    
    19886.      0.99352    
    19924.      0.99355    
    19962.      0.99358    
    20000.      0.99360    
