1000 0.930985 
1038.08 0.930468 
1076.15 0.930094 
1114.23 0.92986 
1152.3 0.929255 
1190.38 0.928296 
1228.46 0.927434 
1266.53 0.926669 
1304.61 0.926003 
1342.69 0.925435 
1380.76 0.924727 
1418.84 0.92338 
1456.91 0.92209 
1494.99 0.920859 
1533.07 0.919688 
1571.14 0.91858 
1609.22 0.917536 
1647.29 0.916042 
1685.37 0.914475 
1723.45 0.912433 
1761.52 0.910401 
1799.6 0.908246 
1837.68 0.90508 
1875.75 0.901834 
1913.83 0.897664 
1951.9 0.89176 
1989.98 0.881336 
2028.06 0.826008 
2066.13 0.743269 
2104.21 0.753092 
2142.28 0.747605 
2180.36 0.758605 
2218.44 0.764473 
2256.51 0.768102 
2294.59 0.770371 
2332.67 0.772491 
2370.74 0.774445 
2408.82 0.776115 
2446.89 0.777784 
2484.97 0.776578 
2523.05 0.769258 
2561.12 0.763647 
2599.2 0.769649 
2637.27 0.773112 
2675.35 0.775809 
2713.43 0.776968 
2751.5 0.778176 
2789.58 0.779075 
2827.66 0.77901 
2865.73 0.778048 
2903.81 0.774272 
2941.88 0.773709 
2979.96 0.775008 
3018.04 0.775154 
3056.11 0.775337 
3094.19 0.774929 
3132.26 0.773647 
3170.34 0.772208 
3208.42 0.771378 
3246.49 0.771546 
3284.57 0.771285 
3322.65 0.771053 
3360.72 0.770847 
3398.8 0.770539 
3436.87 0.770039 
3474.95 0.76957 
3513.03 0.769131 
3551.1 0.768722 
3589.18 0.768201 
3627.25 0.767651 
3665.33 0.767131 
3703.41 0.766643 
3741.48 0.766184 
3779.56 0.765237 
3817.64 0.764121 
3855.71 0.763024 
3893.79 0.761945 
3931.86 0.760886 
3969.94 0.759845 
4008.02 0.758822 
4046.09 0.757756 
4084.17 0.756648 
4122.24 0.755559 
4160.32 0.754489 
4198.4 0.753438 
4236.47 0.752406 
4274.55 0.751393 
4312.62 0.750398 
4350.7 0.749137 
4388.78 0.747659 
4426.85 0.746193 
4464.93 0.744737 
4503.01 0.743294 
4541.08 0.741861 
4579.16 0.74044 
4617.23 0.73903 
4655.31 0.737632 
4693.39 0.736244 
4731.46 0.734868 
4769.54 0.73344 
4807.62 0.732012 
4845.69 0.730595 
4883.77 0.729191 
4921.84 0.727655 
4959.92 0.725915 
4998 0.724182 
5036.07 0.722456 
5074.15 0.720736 
5112.22 0.719022 
5150.3 0.717315 
5188.38 0.715614 
5226.45 0.71392 
5264.53 0.712233 
5302.6 0.710516 
5340.68 0.708799 
5378.76 0.707089 
5416.83 0.705386 
5454.91 0.70369 
5492.99 0.702002 
5531.06 0.700194 
5569.14 0.698206 
5607.21 0.696221 
5645.29 0.694239 
5683.37 0.692261 
5721.44 0.690286 
5759.52 0.688315 
5797.6 0.686347 
5835.67 0.684383 
5873.75 0.682423 
5911.82 0.680457 
5949.9 0.678472 
5987.98 0.67649 
6026.05 0.674513 
6064.13 0.67254 
6102.2 0.670571 
6140.28 0.668607 
6178.36 0.666646 
6216.43 0.664691 
6254.51 0.66274 
6292.59 0.660793 
6330.66 0.658851 
6368.74 0.656914 
6406.81 0.654938 
6444.89 0.652719 
6482.97 0.650501 
6521.04 0.648286 
6559.12 0.646073 
6597.19 0.643862 
6635.27 0.641653 
6673.35 0.639446 
6711.42 0.637225 
6749.5 0.635004 
6787.58 0.632785 
6825.65 0.630569 
6863.73 0.628355 
6901.8 0.626144 
6939.88 0.623936 
6977.96 0.621731 
7016.03 0.619529 
7054.11 0.61733 
7092.18 0.615134 
7130.26 0.612942 
7168.34 0.610752 
7206.41 0.608566 
7244.49 0.606383 
7282.57 0.604204 
7320.64 0.602029 
7358.72 0.599644 
7396.79 0.597257 
7434.87 0.594872 
7472.95 0.592489 
7511.02 0.590108 
7549.1 0.587729 
7587.17 0.585353 
7625.25 0.582979 
7663.33 0.580601 
7701.4 0.578213 
7739.48 0.575828 
7777.55 0.573445 
7815.63 0.571065 
7853.71 0.568688 
7891.78 0.566313 
7929.86 0.563942 
7967.94 0.561573 
8006.01 0.559208 
8044.09 0.556846 
8082.16 0.554487 
8120.24 0.552131 
8158.32 0.549779 
8196.39 0.54743 
8234.47 0.545085 
8272.54 0.542743 
8310.62 0.540405 
8348.7 0.537992 
8386.77 0.535482 
8424.85 0.532974 
8462.93 0.530468 
8501 0.527966 
8539.08 0.525465 
8577.15 0.522968 
8615.23 0.520473 
8653.31 0.517982 
8691.38 0.515484 
8729.46 0.512974 
8767.54 0.510467 
8805.61 0.507964 
8843.69 0.505463 
8881.76 0.502966 
8919.84 0.500471 
8957.92 0.49798 
8995.99 0.495493 
9034.07 0.493008 
9072.14 0.490527 
9110.22 0.48805 
9148.3 0.485576 
9186.37 0.483105 
9224.45 0.480639 
9262.53 0.478175 
9300.6 0.475716 
9338.68 0.47326 
9376.75 0.470808 
9414.83 0.46836 
9452.91 0.465915 
9490.98 0.463474 
9529.06 0.461038 
9567.13 0.45855 
9605.21 0.455929 
9643.29 0.45331 
9681.36 0.450693 
9719.44 0.448078 
9757.52 0.445465 
9795.59 0.442855 
9833.67 0.440247 
9871.74 0.437641 
9909.82 0.435037 
9947.9 0.432435 
9985.97 0.429836 
10024 0.427238 
10062.1 0.424642 
10100.2 0.422048 
10138.3 0.419455 
10176.4 0.416864 
10214.4 0.41422 
10252.5 0.41155 
10290.6 0.408879 
10328.7 0.406208 
10366.7 0.403536 
10404.8 0.400864 
10442.9 0.39819 
10481 0.395516 
10519 0.392839 
10557.1 0.39016 
10595.2 0.387479 
10633.3 0.38464 
10671.3 0.38178 
10709.4 0.37891 
10747.5 0.376031 
10785.6 0.373141 
10823.6 0.370238 
10861.7 0.367198 
10899.8 0.363881 
10937.9 0.359905 
10976 0.3558 
11014 0.350518 
11052.1 0.342814 
11090.2 0.331588 
11128.3 0.316396 
11166.3 0.29724 
11204.4 0.278959 
11242.5 0.262767 
11280.6 0.251144 
11318.6 0.243925 
11356.7 0.239511 
11394.8 0.237425 
11432.9 0.236828 
11470.9 0.236232 
11509 0.235274 
11547.1 0.234311 
11585.2 0.232976 
11623.2 0.231232 
11661.3 0.229485 
11699.4 0.227736 
11737.5 0.225983 
11775.6 0.223928 
11813.6 0.221688 
11851.7 0.219439 
11889.8 0.21718 
11927.9 0.214911 
11965.9 0.212631 
12004 0.21034 
12042.1 0.208037 
12080.2 0.205429 
12118.2 0.202732 
12156.3 0.200011 
12194.4 0.197266 
12232.5 0.194494 
12270.5 0.191695 
12308.6 0.188868 
12346.7 0.185725 
12384.8 0.182386 
12422.8 0.178997 
12460.9 0.175559 
12499 0.17207 
12537.1 0.168528 
12575.2 0.16438 
12613.2 0.159457 
12651.3 0.153813 
12689.4 0.148168 
12727.5 0.14213 
12765.5 0.134843 
12803.6 0.127899 
12841.7 0.121731 
12879.8 0.117038 
12917.8 0.1126 
12955.9 0.109235 
12994 0.107224 
13032.1 0.105277 
13070.1 0.103366 
13108.2 0.101745 
13146.3 0.0997017 
13184.4 0.0972593 
13222.4 0.0948552 
13260.5 0.0924912 
13298.6 0.0896966 
13336.7 0.0869564 
13374.7 0.0843091 
13412.8 0.082176 
13450.9 0.0803865 
13489 0.0786438 
13527.1 0.0769534 
13565.1 0.0757199 
13603.2 0.0744983 
13641.3 0.073289 
13679.4 0.0720922 
13717.4 0.0707707 
13755.5 0.0692793 
13793.6 0.0678126 
13831.7 0.066371 
13869.7 0.0649548 
13907.8 0.063564 
13945.9 0.0621961 
13984 0.0607125 
14022 0.0592606 
14060.1 0.0578402 
14098.2 0.0564514 
14136.3 0.055094 
14174.3 0.0537679 
14212.4 0.0524727 
14250.5 0.0512081 
14288.6 0.0499739 
14326.7 0.0487365 
14364.7 0.0474982 
14402.8 0.0462925 
14440.9 0.0451189 
14479 0.0439767 
14517 0.0428653 
14555.1 0.0417841 
14593.2 0.0407322 
14631.3 0.039709 
14669.3 0.0386966 
14707.4 0.0376999 
14745.5 0.0367316 
14783.6 0.035791 
14821.6 0.0348772 
14859.7 0.0339895 
14897.8 0.0331271 
14935.9 0.0322894 
14973.9 0.0314754 
15012 0.0306847 
15050.1 0.029915 
15088.2 0.0291524 
15126.3 0.0284119 
15164.3 0.0276929 
15202.4 0.0269946 
15240.5 0.0263163 
15278.6 0.0256576 
15316.6 0.0250177 
15354.7 0.024396 
15392.8 0.0237919 
15430.9 0.0232001 
15468.9 0.0226197 
15507 0.022056 
15545.1 0.0215084 
15583.2 0.0209763 
15621.2 0.0204593 
15659.3 0.0199568 
15697.4 0.0194684 
15735.5 0.0189938 
15773.5 0.0185323 
15811.6 0.0180836 
15849.7 0.0176473 
15887.8 0.017223 
15925.9 0.0168103 
15963.9 0.0164068 
16002 0.0160109 
16040.1 0.0156258 
16078.2 0.0152512 
16116.2 0.0148868 
16154.3 0.0145321 
16192.4 0.0141871 
16230.5 0.0138513 
16268.5 0.0135246 
16306.6 0.0132066 
16344.7 0.012897 
16382.8 0.0125956 
16420.8 0.0123022 
16458.9 0.0120165 
16497 0.0117383 
16535.1 0.0114673 
16573.1 0.0112005 
16611.2 0.0109405 
16649.3 0.0106872 
16687.4 0.0104405 
16725.5 0.0102002 
16763.5 0.00996606 
16801.6 0.00973793 
16839.7 0.00951559 
16877.8 0.00929892 
16915.8 0.00908774 
16953.9 0.00888188 
16992 0.0086812 
17030.1 0.00848555 
17068.1 0.00829477 
17106.2 0.00810874 
17144.3 0.00792731 
17182.4 0.00775037 
17220.4 0.00757777 
17258.5 0.00740942 
17296.6 0.00724516 
17334.7 0.00708412 
17372.7 0.00692626 
17410.8 0.00677225 
17448.9 0.00662199 
17487 0.00647539 
17525.1 0.00633232 
17563.1 0.00619271 
17601.2 0.00605647 
17639.3 0.00592348 
17677.4 0.00579368 
17715.4 0.00566697 
17753.5 0.00554327 
17791.6 0.0054225 
17829.7 0.00530458 
17867.7 0.00518945 
17905.8 0.00507701 
17943.9 0.00496721 
17982 0.00485998 
18020 0.00475523 
18058.1 0.00465293 
18096.2 0.004553 
18134.3 0.00445537 
18172.3 0.00435999 
18210.4 0.00426639 
18248.5 0.00417469 
18286.6 0.00408509 
18324.6 0.00399757 
18362.7 0.00391205 
18400.8 0.00382848 
18438.9 0.00374688 
18477 0.00366712 
18515 0.00358918 
18553.1 0.00351301 
18591.2 0.00343856 
18629.3 0.00336578 
18667.3 0.00329465 
18705.4 0.00322511 
18743.5 0.00315714 
18781.6 0.00309068 
18819.6 0.00302571 
18857.7 0.00296218 
18895.8 0.00290006 
18933.9 0.00283932 
18971.9 0.00277993 
19010 0.00272185 
19048.1 0.00266505 
19086.2 0.00260949 
19124.2 0.00255511 
19162.3 0.00250171 
19200.4 0.00244949 
19238.5 0.0023984 
19276.6 0.00234844 
19314.6 0.00229958 
19352.7 0.00225178 
19390.8 0.00220502 
19428.9 0.00215927 
19466.9 0.00211453 
19505 0.00207075 
19543.1 0.00202792 
19581.2 0.00198601 
19619.2 0.00194501 
19657.3 0.00190489 
19695.4 0.00186564 
19733.5 0.00182723 
19771.5 0.00178964 
19809.6 0.00175286 
19847.7 0.00171686 
19885.8 0.00168163 
19923.8 0.00164715 
19961.9 0.00161341 
20000 0.00158038 
