1000 0.950302 
1038.08 0.950204 
1076.15 0.950229 
1114.23 0.950376 
1152.3 0.950243 
1190.38 0.949843 
1228.46 0.949529 
1266.53 0.949304 
1304.61 0.949166 
1342.69 0.949118 
1380.76 0.948972 
1418.84 0.948331 
1456.91 0.947747 
1494.99 0.947219 
1533.07 0.94675 
1571.14 0.946342 
1609.22 0.945995 
1647.29 0.945304 
1685.37 0.944566 
1723.45 0.94346 
1761.52 0.942374 
1799.6 0.941199 
1837.68 0.939234 
1875.75 0.937214 
1913.83 0.934469 
1951.9 0.930354 
1989.98 0.922646 
2028.06 0.878725 
2066.13 0.810875 
2104.21 0.819502 
2142.28 0.815381 
2180.36 0.825084 
2218.44 0.830543 
2256.51 0.834153 
2294.59 0.836646 
2332.67 0.839025 
2370.74 0.841279 
2408.82 0.843319 
2446.89 0.845368 
2484.97 0.845045 
2523.05 0.839619 
2561.12 0.835582 
2599.2 0.841287 
2637.27 0.844891 
2675.35 0.847867 
2713.43 0.849575 
2751.5 0.851335 
2789.58 0.852849 
2827.66 0.853572 
2865.73 0.853553 
2903.81 0.851176 
2941.88 0.851492 
2979.96 0.853391 
3018.04 0.854337 
3056.11 0.855326 
3094.19 0.855831 
3132.26 0.855608 
3170.34 0.855255 
3208.42 0.85542 
3246.49 0.856444 
3284.57 0.85712 
3322.65 0.85783 
3360.72 0.858573 
3398.8 0.85924 
3436.87 0.859756 
3474.95 0.860309 
3513.03 0.860896 
3551.1 0.861519 
3589.18 0.862059 
3627.25 0.862584 
3665.33 0.863145 
3703.41 0.863743 
3741.48 0.864376 
3779.56 0.8646 
3817.64 0.864689 
3855.71 0.864804 
3893.79 0.864943 
3931.86 0.865107 
3969.94 0.865297 
4008.02 0.865511 
4046.09 0.865697 
4084.17 0.865857 
4122.24 0.866041 
4160.32 0.866251 
4198.4 0.866487 
4236.47 0.866748 
4274.55 0.867034 
4312.62 0.867345 
4350.7 0.867433 
4388.78 0.867339 
4426.85 0.867264 
4464.93 0.867206 
4503.01 0.867166 
4541.08 0.867144 
4579.16 0.86714 
4617.23 0.867153 
4655.31 0.867184 
4693.39 0.867233 
4731.46 0.8673 
4769.54 0.867329 
4807.62 0.867367 
4845.69 0.867422 
4883.77 0.867497 
4921.84 0.86746 
4959.92 0.867249 
4998 0.86705 
5036.07 0.866864 
5074.15 0.86669 
5112.22 0.866529 
5150.3 0.86638 
5188.38 0.866244 
5226.45 0.866121 
5264.53 0.86601 
5302.6 0.865879 
5340.68 0.865755 
5378.76 0.865644 
5416.83 0.865545 
5454.91 0.86546 
5492.99 0.865388 
5531.06 0.865213 
5569.14 0.864877 
5607.21 0.864549 
5645.29 0.86423 
5683.37 0.86392 
5721.44 0.863618 
5759.52 0.863324 
5797.6 0.863039 
5835.67 0.862762 
5873.75 0.862494 
5911.82 0.862226 
5949.9 0.861945 
5987.98 0.861673 
6026.05 0.86141 
6064.13 0.861156 
6102.2 0.86091 
6140.28 0.860674 
6178.36 0.860446 
6216.43 0.860227 
6254.51 0.860017 
6292.59 0.859816 
6330.66 0.859624 
6368.74 0.859441 
6406.81 0.859225 
6444.89 0.85878 
6482.97 0.858341 
6521.04 0.857906 
6559.12 0.857477 
6597.19 0.857052 
6635.27 0.856633 
6673.35 0.85622 
6711.42 0.855796 
6749.5 0.855375 
6787.58 0.85496 
6825.65 0.85455 
6863.73 0.854145 
6901.8 0.853746 
6939.88 0.853352 
6977.96 0.852964 
7016.03 0.852581 
7054.11 0.852204 
7092.18 0.851832 
7130.26 0.851466 
7168.34 0.851106 
7206.41 0.850752 
7244.49 0.850403 
7282.57 0.85006 
7320.64 0.849723 
7358.72 0.849176 
7396.79 0.848629 
7434.87 0.848084 
7472.95 0.847543 
7511.02 0.847005 
7549.1 0.84647 
7587.17 0.845938 
7625.25 0.845409 
7663.33 0.844878 
7701.4 0.844338 
7739.48 0.843801 
7777.55 0.843267 
7815.63 0.842737 
7853.71 0.842209 
7891.78 0.841686 
7929.86 0.841165 
7967.94 0.840648 
8006.01 0.840135 
8044.09 0.839624 
8082.16 0.839118 
8120.24 0.838614 
8158.32 0.838115 
8196.39 0.837619 
8234.47 0.837126 
8272.54 0.836637 
8310.62 0.836152 
8348.7 0.835587 
8386.77 0.834916 
8424.85 0.834246 
8462.93 0.833578 
8501 0.832911 
8539.08 0.832246 
8577.15 0.831582 
8615.23 0.83092 
8653.31 0.830259 
8691.38 0.829591 
8729.46 0.82891 
8767.54 0.828231 
8805.61 0.827553 
8843.69 0.826876 
8881.76 0.826202 
8919.84 0.825528 
8957.92 0.824857 
8995.99 0.824187 
9034.07 0.823519 
9072.14 0.822852 
9110.22 0.822188 
9148.3 0.821525 
9186.37 0.820863 
9224.45 0.820204 
9262.53 0.819546 
9300.6 0.818891 
9338.68 0.818237 
9376.75 0.817585 
9414.83 0.816935 
9452.91 0.816287 
9490.98 0.815641 
9529.06 0.814997 
9567.13 0.814295 
9605.21 0.813442 
9643.29 0.812589 
9681.36 0.811736 
9719.44 0.810882 
9757.52 0.810028 
9795.59 0.809175 
9833.67 0.808321 
9871.74 0.807466 
9909.82 0.806612 
9947.9 0.805758 
9985.97 0.804903 
10024 0.804049 
10062.1 0.803194 
10100.2 0.802339 
10138.3 0.801485 
10176.4 0.80063 
10214.4 0.799725 
10252.5 0.798794 
10290.6 0.797863 
10328.7 0.796931 
10366.7 0.795999 
10404.8 0.795066 
10442.9 0.794133 
10481 0.793199 
10519 0.792264 
10557.1 0.791329 
10595.2 0.790393 
10633.3 0.789322 
10671.3 0.788237 
10709.4 0.787149 
10747.5 0.78606 
10785.6 0.784967 
10823.6 0.783872 
10861.7 0.782673 
10899.8 0.781263 
10937.9 0.77911 
10976 0.776844 
11014 0.773465 
11052.1 0.7674 
11090.2 0.757273 
11128.3 0.742417 
11166.3 0.722479 
11204.4 0.702065 
11242.5 0.682904 
11280.6 0.667737 
11318.6 0.65848 
11356.7 0.652966 
11394.8 0.650896 
11432.9 0.651118 
11470.9 0.651973 
11509 0.652499 
11547.1 0.653015 
11585.2 0.653198 
11623.2 0.653016 
11661.3 0.652834 
11699.4 0.652651 
11737.5 0.652468 
11775.6 0.652026 
11813.6 0.651431 
11851.7 0.650837 
11889.8 0.650244 
11927.9 0.649652 
11965.9 0.64906 
12004 0.648469 
12042.1 0.647878 
12080.2 0.647055 
12118.2 0.646177 
12156.3 0.645298 
12194.4 0.64442 
12232.5 0.643541 
12270.5 0.642662 
12308.6 0.641783 
12346.7 0.640693 
12384.8 0.639487 
12422.8 0.638279 
12460.9 0.637067 
12499 0.635852 
12537.1 0.634633 
12575.2 0.633034 
12613.2 0.630547 
12651.3 0.626612 
12689.4 0.622633 
12727.5 0.617594 
12765.5 0.608905 
12803.6 0.60019 
12841.7 0.591633 
12879.8 0.583626 
12917.8 0.575705 
12955.9 0.568698 
12994 0.566269 
13032.1 0.563961 
13070.1 0.56166 
13108.2 0.560491 
13146.3 0.559213 
13184.4 0.55747 
13222.4 0.55572 
13260.5 0.553964 
13298.6 0.549996 
13336.7 0.545849 
13374.7 0.541704 
13412.8 0.538123 
13450.9 0.534937 
13489 0.531766 
13527.1 0.528656 
13565.1 0.528361 
13603.2 0.528064 
13641.3 0.527762 
13679.4 0.527457 
13717.4 0.526936 
13755.5 0.526116 
13793.6 0.525293 
13831.7 0.524467 
13869.7 0.523638 
13907.8 0.522805 
13945.9 0.521967 
13984 0.521008 
14022 0.520045 
14060.1 0.519078 
14098.2 0.518107 
14136.3 0.517132 
14174.3 0.516154 
14212.4 0.515171 
14250.5 0.514184 
14288.6 0.513192 
14326.7 0.512118 
14364.7 0.51096 
14402.8 0.509796 
14440.9 0.508625 
14479 0.507449 
14517 0.506266 
14555.1 0.505077 
14593.2 0.50388 
14631.3 0.502677 
14669.3 0.501411 
14707.4 0.500095 
14745.5 0.49877 
14783.6 0.497436 
14821.6 0.496093 
14859.7 0.494741 
14897.8 0.49338 
14935.9 0.492008 
14973.9 0.490626 
15012 0.489234 
15050.1 0.487824 
15088.2 0.486331 
15126.3 0.484825 
15164.3 0.483307 
15202.4 0.481775 
15240.5 0.480229 
15278.6 0.478669 
15316.6 0.477095 
15354.7 0.475505 
15392.8 0.4739 
15430.9 0.472244 
15468.9 0.470533 
15507 0.468803 
15545.1 0.467055 
15583.2 0.465286 
15621.2 0.463497 
15659.3 0.461687 
15697.4 0.459855 
15735.5 0.458 
15773.5 0.456122 
15811.6 0.454219 
15849.7 0.452292 
15887.8 0.450338 
15925.9 0.448357 
15963.9 0.446324 
16002 0.444217 
16040.1 0.442078 
16078.2 0.439906 
16116.2 0.437643 
16154.3 0.435153 
16192.4 0.432625 
16230.5 0.430057 
16268.5 0.427449 
16306.6 0.424798 
16344.7 0.422104 
16382.8 0.419364 
16420.8 0.416578 
16458.9 0.413744 
16497 0.410859 
16535.1 0.407923 
16573.1 0.404867 
16611.2 0.401748 
16649.3 0.398569 
16687.4 0.395329 
16725.5 0.392026 
16763.5 0.388658 
16801.6 0.385224 
16839.7 0.38172 
16877.8 0.378145 
16915.8 0.374499 
16953.9 0.370778 
16992 0.366982 
17030.1 0.363109 
17068.1 0.359157 
17106.2 0.355127 
17144.3 0.351017 
17182.4 0.346827 
17220.4 0.342556 
17258.5 0.338207 
17296.6 0.333778 
17334.7 0.329227 
17372.7 0.324557 
17410.8 0.319811 
17448.9 0.314994 
17487 0.310111 
17525.1 0.305165 
17563.1 0.300164 
17601.2 0.295113 
17639.3 0.29002 
17677.4 0.284892 
17715.4 0.279739 
17753.5 0.274568 
17791.6 0.26939 
17829.7 0.264213 
17867.7 0.259047 
17905.8 0.253901 
17943.9 0.248785 
17982 0.243708 
18020 0.238678 
18058.1 0.233702 
18096.2 0.228789 
18134.3 0.223945 
18172.3 0.219175 
18210.4 0.214446 
18248.5 0.209779 
18286.6 0.205202 
18324.6 0.200719 
18362.7 0.196332 
18400.8 0.192042 
18438.9 0.187816 
18477 0.183692 
18515 0.179671 
18553.1 0.175754 
18591.2 0.171939 
18629.3 0.168223 
18667.3 0.164606 
18705.4 0.161086 
18743.5 0.157661 
18781.6 0.154328 
18819.6 0.151086 
18857.7 0.147932 
18895.8 0.144863 
18933.9 0.141879 
18971.9 0.138975 
19010 0.13615 
19048.1 0.133401 
19086.2 0.130727 
19124.2 0.12812 
19162.3 0.125565 
19200.4 0.123079 
19238.5 0.120659 
19276.6 0.118303 
19314.6 0.11601 
19352.7 0.113777 
19390.8 0.111602 
19428.9 0.109484 
19466.9 0.107421 
19505 0.105411 
19543.1 0.103452 
19581.2 0.101542 
19619.2 0.0996804 
19657.3 0.0978653 
19695.4 0.0960952 
19733.5 0.0943686 
19771.5 0.0926843 
19809.6 0.0910408 
19847.7 0.0894369 
19885.8 0.0878713 
19923.8 0.086343 
19961.9 0.0848507 
20000 0.0833933 
