1000 0.949098 
1038.08 0.948766 
1076.15 0.948543 
1114.23 0.948428 
1152.3 0.948035 
1190.38 0.947378 
1228.46 0.946796 
1266.53 0.946289 
1304.61 0.945858 
1342.69 0.945504 
1380.76 0.945046 
1418.84 0.944108 
1456.91 0.943215 
1494.99 0.942368 
1533.07 0.941568 
1571.14 0.940818 
1609.22 0.940119 
1647.29 0.939083 
1685.37 0.937994 
1723.45 0.936546 
1761.52 0.935109 
1799.6 0.93358 
1837.68 0.931291 
1875.75 0.928943 
1913.83 0.925898 
1951.9 0.921545 
1989.98 0.913771 
2028.06 0.871535 
2066.13 0.806364 
2104.21 0.814175 
2142.28 0.809808 
2180.36 0.818624 
2218.44 0.823379 
2256.51 0.826362 
2294.59 0.82827 
2332.67 0.830061 
2370.74 0.831721 
2408.82 0.833169 
2446.89 0.834616 
2484.97 0.833805 
2523.05 0.828152 
2561.12 0.82381 
2599.2 0.828685 
2637.27 0.831559 
2675.35 0.833828 
2713.43 0.834888 
2751.5 0.835988 
2789.58 0.836847 
2827.66 0.836951 
2865.73 0.836348 
2903.81 0.83352 
2941.88 0.833219 
2979.96 0.834395 
3018.04 0.834668 
3056.11 0.834972 
3094.19 0.834815 
3132.26 0.833969 
3170.34 0.832993 
3208.42 0.832494 
3246.49 0.832789 
3284.57 0.832752 
3322.65 0.832738 
3360.72 0.832746 
3398.8 0.832675 
3436.87 0.832456 
3474.95 0.832263 
3513.03 0.832094 
3551.1 0.831949 
3589.18 0.83172 
3627.25 0.831468 
3665.33 0.831242 
3703.41 0.831042 
3741.48 0.830866 
3779.56 0.830305 
3817.64 0.829612 
3855.71 0.828936 
3893.79 0.828274 
3931.86 0.827629 
3969.94 0.826999 
4008.02 0.826385 
4046.09 0.825738 
4084.17 0.825059 
4122.24 0.824396 
4160.32 0.823749 
4198.4 0.823117 
4236.47 0.822502 
4274.55 0.821902 
4312.62 0.821317 
4350.7 0.820523 
4388.78 0.819557 
4426.85 0.818601 
4464.93 0.817654 
4503.01 0.816717 
4541.08 0.81579 
4579.16 0.814872 
4617.23 0.813963 
4655.31 0.813064 
4693.39 0.812173 
4731.46 0.811293 
4769.54 0.810372 
4807.62 0.809451 
4845.69 0.808541 
4883.77 0.807641 
4921.84 0.806635 
4959.92 0.805467 
4998 0.804305 
5036.07 0.803148 
5074.15 0.801996 
5112.22 0.800849 
5150.3 0.799707 
5188.38 0.798571 
5226.45 0.79744 
5264.53 0.796314 
5302.6 0.795165 
5340.68 0.794015 
5378.76 0.792872 
5416.83 0.791734 
5454.91 0.790601 
5492.99 0.789474 
5531.06 0.788251 
5569.14 0.786883 
5607.21 0.785517 
5645.29 0.784154 
5683.37 0.782792 
5721.44 0.781433 
5759.52 0.780076 
5797.6 0.778722 
5835.67 0.77737 
5873.75 0.77602 
5911.82 0.774665 
5949.9 0.773295 
5987.98 0.771927 
6026.05 0.770562 
6064.13 0.769199 
6102.2 0.767839 
6140.28 0.766482 
6178.36 0.765127 
6216.43 0.763775 
6254.51 0.762426 
6292.59 0.76108 
6330.66 0.759737 
6368.74 0.758396 
6406.81 0.757023 
6444.89 0.755453 
6482.97 0.753883 
6521.04 0.752313 
6559.12 0.750744 
6597.19 0.749175 
6635.27 0.747607 
6673.35 0.746039 
6711.42 0.744459 
6749.5 0.742878 
6787.58 0.741297 
6825.65 0.739717 
6863.73 0.738138 
6901.8 0.73656 
6939.88 0.734982 
6977.96 0.733405 
7016.03 0.73183 
7054.11 0.730255 
7092.18 0.728681 
7130.26 0.727109 
7168.34 0.725537 
7206.41 0.723967 
7244.49 0.722397 
7282.57 0.720829 
7320.64 0.719263 
7358.72 0.717523 
7396.79 0.715781 
7434.87 0.714038 
7472.95 0.712295 
7511.02 0.710552 
7549.1 0.708809 
7587.17 0.707066 
7625.25 0.705322 
7663.33 0.703574 
7701.4 0.701817 
7739.48 0.70006 
7777.55 0.698303 
7815.63 0.696546 
7853.71 0.694789 
7891.78 0.693033 
7929.86 0.691277 
7967.94 0.689522 
8006.01 0.687767 
8044.09 0.686012 
8082.16 0.684258 
8120.24 0.682505 
8158.32 0.680752 
8196.39 0.679 
8234.47 0.677249 
8272.54 0.675498 
8310.62 0.673748 
8348.7 0.671936 
8386.77 0.67004 
8424.85 0.668145 
8462.93 0.666249 
8501 0.664353 
8539.08 0.662458 
8577.15 0.660562 
8615.23 0.658666 
8653.31 0.65677 
8691.38 0.654868 
8729.46 0.652956 
8767.54 0.651043 
8805.61 0.649131 
8843.69 0.64722 
8881.76 0.645309 
8919.84 0.643398 
8957.92 0.641488 
8995.99 0.639578 
9034.07 0.637669 
9072.14 0.635761 
9110.22 0.633853 
9148.3 0.631946 
9186.37 0.63004 
9224.45 0.628135 
9262.53 0.62623 
9300.6 0.624327 
9338.68 0.622425 
9376.75 0.620523 
9414.83 0.618623 
9452.91 0.616724 
9490.98 0.614826 
9529.06 0.612929 
9567.13 0.610992 
9605.21 0.608947 
9643.29 0.606903 
9681.36 0.60486 
9719.44 0.602818 
9757.52 0.600776 
9795.59 0.598734 
9833.67 0.596694 
9871.74 0.594654 
9909.82 0.592615 
9947.9 0.590578 
9985.97 0.588541 
10024 0.586505 
10062.1 0.58447 
10100.2 0.582436 
10138.3 0.580404 
10176.4 0.578372 
10214.4 0.576309 
10252.5 0.57423 
10290.6 0.572152 
10328.7 0.570076 
10366.7 0.568001 
10404.8 0.565927 
10442.9 0.563855 
10481 0.561784 
10519 0.559715 
10557.1 0.557647 
10595.2 0.555581 
10633.3 0.55343 
10671.3 0.551273 
10709.4 0.549116 
10747.5 0.546962 
10785.6 0.544808 
10823.6 0.542655 
10861.7 0.54044 
10899.8 0.538096 
10937.9 0.535279 
10976 0.532397 
11014 0.528819 
11052.1 0.523546 
11090.2 0.515715 
11128.3 0.504924 
11166.3 0.490962 
11204.4 0.476728 
11242.5 0.463318 
11280.6 0.452432 
11318.6 0.445313 
11356.7 0.440573 
11394.8 0.438013 
11432.9 0.436897 
11470.9 0.436194 
11509 0.435287 
11547.1 0.434372 
11585.2 0.433254 
11623.2 0.431917 
11661.3 0.430579 
11699.4 0.429241 
11737.5 0.427903 
11775.6 0.426412 
11813.6 0.424833 
11851.7 0.423257 
11889.8 0.421682 
11927.9 0.42011 
11965.9 0.41854 
12004 0.416973 
12042.1 0.415408 
12080.2 0.413711 
12118.2 0.411986 
12156.3 0.410265 
12194.4 0.408546 
12232.5 0.406831 
12270.5 0.405119 
12308.6 0.40341 
12346.7 0.401588 
12384.8 0.399705 
12422.8 0.397826 
12460.9 0.395949 
12499 0.394077 
12537.1 0.392207 
12575.2 0.390135 
12613.2 0.387574 
12651.3 0.384204 
12689.4 0.380826 
12727.5 0.376868 
12765.5 0.37088 
12803.6 0.364908 
12841.7 0.359042 
12879.8 0.353476 
12917.8 0.347982 
12955.9 0.342996 
12994 0.340569 
13032.1 0.338218 
13070.1 0.335879 
13108.2 0.334171 
13146.3 0.332426 
13184.4 0.330446 
13222.4 0.32847 
13260.5 0.326497 
13298.6 0.323338 
13336.7 0.320097 
13374.7 0.316872 
13412.8 0.313946 
13450.9 0.311232 
13489 0.308537 
13527.1 0.305886 
13565.1 0.304738 
13603.2 0.30359 
13641.3 0.302441 
13679.4 0.301293 
13717.4 0.30004 
13755.5 0.298644 
13793.6 0.297251 
13831.7 0.295859 
13869.7 0.29447 
13907.8 0.293083 
13945.9 0.291698 
13984 0.290264 
14022 0.288834 
14060.1 0.287406 
14098.2 0.285981 
14136.3 0.284558 
14174.3 0.283139 
14212.4 0.281722 
14250.5 0.280308 
14288.6 0.278897 
14326.7 0.277453 
14364.7 0.275977 
14402.8 0.274503 
14440.9 0.273032 
14479 0.271564 
14517 0.270099 
14555.1 0.268637 
14593.2 0.267177 
14631.3 0.265721 
14669.3 0.264243 
14707.4 0.262749 
14745.5 0.261259 
14783.6 0.259771 
14821.6 0.258286 
14859.7 0.256803 
14897.8 0.255324 
14935.9 0.253847 
14973.9 0.252372 
15012 0.2509 
15050.1 0.249428 
15088.2 0.247929 
15126.3 0.246433 
15164.3 0.244939 
15202.4 0.243447 
15240.5 0.241957 
15278.6 0.24047 
15316.6 0.238984 
15354.7 0.237501 
15392.8 0.23602 
15430.9 0.234528 
15468.9 0.233023 
15507 0.231519 
15545.1 0.230017 
15583.2 0.228517 
15621.2 0.227018 
15659.3 0.225521 
15697.4 0.224025 
15735.5 0.22253 
15773.5 0.221036 
15811.6 0.219543 
15849.7 0.218052 
15887.8 0.216561 
15925.9 0.21507 
15963.9 0.213572 
16002 0.212059 
16040.1 0.210545 
16078.2 0.209032 
16116.2 0.207495 
16154.3 0.205877 
16192.4 0.204259 
16230.5 0.20264 
16268.5 0.20102 
16306.6 0.1994 
16344.7 0.197778 
16382.8 0.196154 
16420.8 0.194529 
16458.9 0.192902 
16497 0.191273 
16535.1 0.189642 
16573.1 0.187988 
16611.2 0.186329 
16649.3 0.184666 
16687.4 0.182999 
16725.5 0.181329 
16763.5 0.179654 
16801.6 0.177975 
16839.7 0.17629 
16877.8 0.174601 
16915.8 0.172905 
16953.9 0.171204 
16992 0.169496 
17030.1 0.167781 
17068.1 0.166059 
17106.2 0.16433 
17144.3 0.162592 
17182.4 0.160845 
17220.4 0.15909 
17258.5 0.157325 
17296.6 0.15555 
17334.7 0.153752 
17372.7 0.151931 
17410.8 0.150097 
17448.9 0.14825 
17487 0.146391 
17525.1 0.144517 
17563.1 0.142629 
17601.2 0.140727 
17639.3 0.138809 
17677.4 0.136875 
17715.4 0.134925 
17753.5 0.132959 
17791.6 0.130976 
17829.7 0.128976 
17867.7 0.126959 
17905.8 0.124925 
17943.9 0.122875 
17982 0.120808 
18020 0.118724 
18058.1 0.116626 
18096.2 0.114513 
18134.3 0.112387 
18172.3 0.110249 
18210.4 0.108086 
18248.5 0.105904 
18286.6 0.103715 
18324.6 0.101523 
18362.7 0.0993293 
18400.8 0.0971374 
18438.9 0.0949119 
18477 0.0926974 
18515 0.0904981 
18553.1 0.0883176 
18591.2 0.0861592 
18629.3 0.0840259 
18667.3 0.0819213 
18705.4 0.079848 
18743.5 0.0778086 
18781.6 0.0758056 
18819.6 0.0738412 
18857.7 0.071917 
18895.8 0.0700347 
18933.9 0.0681953 
18971.9 0.0663997 
19010 0.0646487 
19048.1 0.0629426 
19086.2 0.0612814 
19124.2 0.0596628 
19162.3 0.0580793 
19200.4 0.0565407 
19238.5 0.0550464 
19276.6 0.0535957 
19314.6 0.0521878 
19352.7 0.0508219 
19390.8 0.0494968 
19428.9 0.0482117 
19466.9 0.0469654 
19505 0.0457569 
19543.1 0.0445851 
19581.2 0.0434489 
19619.2 0.0423472 
19657.3 0.0412789 
19695.4 0.0402429 
19733.5 0.0392383 
19771.5 0.0382639 
19809.6 0.0373188 
19847.7 0.0364019 
19885.8 0.0355124 
19923.8 0.0346492 
19961.9 0.0338115 
20000 0.0329984 
