1000 0.948012 
1038.08 0.947877 
1076.15 0.947869 
1114.23 0.947986 
1152.3 0.947811 
1190.38 0.947358 
1228.46 0.946995 
1266.53 0.946721 
1304.61 0.946537 
1342.69 0.946445 
1380.76 0.946249 
1418.84 0.94554 
1456.91 0.944888 
1494.99 0.944294 
1533.07 0.943759 
1571.14 0.943286 
1609.22 0.942876 
1647.29 0.942107 
1685.37 0.941289 
1723.45 0.940089 
1761.52 0.938908 
1799.6 0.937634 
1837.68 0.93554 
1875.75 0.933389 
1913.83 0.930485 
1951.9 0.926163 
1989.98 0.91812 
2028.06 0.87265 
2066.13 0.802683 
2104.21 0.811516 
2142.28 0.807227 
2180.36 0.817158 
2218.44 0.822717 
2256.51 0.826371 
2294.59 0.828873 
2332.67 0.831258 
2370.74 0.833512 
2408.82 0.835543 
2446.89 0.837583 
2484.97 0.837177 
2523.05 0.831518 
2561.12 0.827293 
2599.2 0.833093 
2637.27 0.836727 
2675.35 0.839714 
2713.43 0.841393 
2751.5 0.843125 
2789.58 0.844602 
2827.66 0.845263 
2865.73 0.84516 
2903.81 0.842628 
2941.88 0.84287 
2979.96 0.844737 
3018.04 0.845623 
3056.11 0.846551 
3094.19 0.84698 
3132.26 0.846659 
3170.34 0.846204 
3208.42 0.846281 
3246.49 0.847239 
3284.57 0.847839 
3322.65 0.848472 
3360.72 0.849138 
3398.8 0.849725 
3436.87 0.850155 
3474.95 0.850621 
3513.03 0.851123 
3551.1 0.851659 
3589.18 0.852109 
3627.25 0.852542 
3665.33 0.853011 
3703.41 0.853516 
3741.48 0.854057 
3779.56 0.854177 
3817.64 0.854156 
3855.71 0.85416 
3893.79 0.854188 
3931.86 0.854242 
3969.94 0.854319 
4008.02 0.854421 
4046.09 0.854494 
4084.17 0.854537 
4122.24 0.854606 
4160.32 0.854699 
4198.4 0.854817 
4236.47 0.85496 
4274.55 0.855128 
4312.62 0.855321 
4350.7 0.855283 
4388.78 0.855058 
4426.85 0.854851 
4464.93 0.85466 
4503.01 0.854487 
4541.08 0.854331 
4579.16 0.854192 
4617.23 0.85407 
4655.31 0.853965 
4693.39 0.853878 
4731.46 0.853808 
4769.54 0.853697 
4807.62 0.853595 
4845.69 0.85351 
4883.77 0.853443 
4921.84 0.853261 
4959.92 0.852899 
4998 0.852549 
5036.07 0.852211 
5074.15 0.851885 
5112.22 0.85157 
5150.3 0.851267 
5188.38 0.850976 
5226.45 0.850697 
5264.53 0.85043 
5302.6 0.850142 
5340.68 0.849859 
5378.76 0.849588 
5416.83 0.84933 
5454.91 0.849084 
5492.99 0.84885 
5531.06 0.848509 
5569.14 0.848004 
5607.21 0.847506 
5645.29 0.847016 
5683.37 0.846534 
5721.44 0.846059 
5759.52 0.845592 
5797.6 0.845133 
5835.67 0.844681 
5873.75 0.844237 
5911.82 0.843792 
5949.9 0.843334 
5987.98 0.842883 
6026.05 0.842441 
6064.13 0.842006 
6102.2 0.841579 
6140.28 0.841161 
6178.36 0.84075 
6216.43 0.840348 
6254.51 0.839954 
6292.59 0.839568 
6330.66 0.83919 
6368.74 0.838821 
6406.81 0.838417 
6444.89 0.837779 
6482.97 0.837145 
6521.04 0.836516 
6559.12 0.835891 
6597.19 0.83527 
6635.27 0.834654 
6673.35 0.834042 
6711.42 0.83342 
6749.5 0.832799 
6787.58 0.832183 
6825.65 0.831571 
6863.73 0.830964 
6901.8 0.830362 
6939.88 0.829764 
6977.96 0.829172 
7016.03 0.828584 
7054.11 0.828 
7092.18 0.827422 
7130.26 0.826849 
7168.34 0.82628 
7206.41 0.825717 
7244.49 0.825158 
7282.57 0.824605 
7320.64 0.824056 
7358.72 0.823294 
7396.79 0.822531 
7434.87 0.82177 
7472.95 0.821011 
7511.02 0.820254 
7549.1 0.8195 
7587.17 0.818749 
7625.25 0.817999 
7663.33 0.817247 
7701.4 0.816485 
7739.48 0.815725 
7777.55 0.814967 
7815.63 0.814212 
7853.71 0.81346 
7891.78 0.812711 
7929.86 0.811964 
7967.94 0.811219 
8006.01 0.810478 
8044.09 0.809739 
8082.16 0.809003 
8120.24 0.80827 
8158.32 0.80754 
8196.39 0.806812 
8234.47 0.806088 
8272.54 0.805366 
8310.62 0.804647 
8348.7 0.803847 
8386.77 0.802939 
8424.85 0.802032 
8462.93 0.801125 
8501 0.80022 
8539.08 0.799315 
8577.15 0.798411 
8615.23 0.797508 
8653.31 0.796606 
8691.38 0.795696 
8729.46 0.794772 
8767.54 0.793848 
8805.61 0.792926 
8843.69 0.792005 
8881.76 0.791084 
8919.84 0.790165 
8957.92 0.789246 
8995.99 0.788329 
9034.07 0.787413 
9072.14 0.786497 
9110.22 0.785583 
9148.3 0.78467 
9186.37 0.783759 
9224.45 0.782848 
9262.53 0.781938 
9300.6 0.78103 
9338.68 0.780124 
9376.75 0.779218 
9414.83 0.778314 
9452.91 0.777411 
9490.98 0.77651 
9529.06 0.775609 
9567.13 0.774651 
9605.21 0.773538 
9643.29 0.772426 
9681.36 0.771312 
9719.44 0.770198 
9757.52 0.769082 
9795.59 0.767967 
9833.67 0.76685 
9871.74 0.765733 
9909.82 0.764615 
9947.9 0.763496 
9985.97 0.762377 
10024 0.761257 
10062.1 0.760136 
10100.2 0.759015 
10138.3 0.757893 
10176.4 0.75677 
10214.4 0.755595 
10252.5 0.754394 
10290.6 0.753192 
10328.7 0.751988 
10366.7 0.750783 
10404.8 0.749577 
10442.9 0.748369 
10481 0.74716 
10519 0.74595 
10557.1 0.744738 
10595.2 0.743526 
10633.3 0.742173 
10671.3 0.740806 
10709.4 0.739436 
10747.5 0.738061 
10785.6 0.736684 
10823.6 0.735302 
10861.7 0.733813 
10899.8 0.732105 
10937.9 0.72965 
10976 0.727081 
11014 0.72338 
11052.1 0.71698 
11090.2 0.706508 
11128.3 0.691305 
11166.3 0.671039 
11204.4 0.650387 
11242.5 0.631064 
11280.6 0.615831 
11318.6 0.606478 
11356.7 0.600847 
11394.8 0.598618 
11432.9 0.598647 
11470.9 0.599267 
11509 0.59955 
11547.1 0.599824 
11585.2 0.599755 
11623.2 0.599315 
11661.3 0.598873 
11699.4 0.59843 
11737.5 0.597985 
11775.6 0.597276 
11813.6 0.596409 
11851.7 0.595543 
11889.8 0.594676 
11927.9 0.59381 
11965.9 0.592943 
12004 0.592076 
12042.1 0.591209 
12080.2 0.590102 
12118.2 0.588938 
12156.3 0.587772 
12194.4 0.586605 
12232.5 0.585436 
12270.5 0.584266 
12308.6 0.583095 
12346.7 0.581705 
12384.8 0.580194 
12422.8 0.578678 
12460.9 0.577157 
12499 0.57563 
12537.1 0.574097 
12575.2 0.572169 
12613.2 0.56935 
12651.3 0.565107 
12689.4 0.560818 
12727.5 0.555487 
12765.5 0.546588 
12803.6 0.537672 
12841.7 0.528944 
12879.8 0.520839 
12917.8 0.512834 
12955.9 0.505785 
12994 0.503174 
13032.1 0.500681 
13070.1 0.498198 
13108.2 0.496805 
13146.3 0.495267 
13184.4 0.493248 
13222.4 0.491221 
13260.5 0.489187 
13298.6 0.48502 
13336.7 0.480682 
13374.7 0.476349 
13412.8 0.472602 
13450.9 0.469266 
13489 0.465947 
13527.1 0.462689 
13565.1 0.462121 
13603.2 0.461549 
13641.3 0.460973 
13679.4 0.460393 
13717.4 0.459589 
13755.5 0.458474 
13793.6 0.457355 
13831.7 0.456232 
13869.7 0.455104 
13907.8 0.453971 
13945.9 0.452831 
13984 0.451549 
14022 0.45026 
14060.1 0.448966 
14098.2 0.447665 
14136.3 0.446357 
14174.3 0.445043 
14212.4 0.443722 
14250.5 0.442395 
14288.6 0.44106 
14326.7 0.439635 
14364.7 0.438119 
14402.8 0.436594 
14440.9 0.435059 
14479 0.433513 
14517 0.431958 
14555.1 0.430392 
14593.2 0.428815 
14631.3 0.427226 
14669.3 0.425567 
14707.4 0.423849 
14745.5 0.422118 
14783.6 0.420373 
14821.6 0.418612 
14859.7 0.416837 
14897.8 0.415046 
14935.9 0.413239 
14973.9 0.411415 
15012 0.409574 
15050.1 0.407708 
15088.2 0.405745 
15126.3 0.403761 
15164.3 0.401756 
15202.4 0.399729 
15240.5 0.39768 
15278.6 0.395607 
15316.6 0.393509 
15354.7 0.391386 
15392.8 0.389238 
15430.9 0.387025 
15468.9 0.384739 
15507 0.382424 
15545.1 0.380076 
15583.2 0.377695 
15621.2 0.37528 
15659.3 0.372829 
15697.4 0.370342 
15735.5 0.367817 
15773.5 0.365252 
15811.6 0.362647 
15849.7 0.36 
15887.8 0.357309 
15925.9 0.354573 
15963.9 0.351761 
16002 0.34885 
16040.1 0.345887 
16078.2 0.342869 
16116.2 0.339748 
16154.3 0.336408 
16192.4 0.333011 
16230.5 0.329556 
16268.5 0.326043 
16306.6 0.32247 
16344.7 0.318836 
16382.8 0.315141 
16420.8 0.311385 
16458.9 0.307568 
16497 0.303689 
16535.1 0.299749 
16573.1 0.295672 
16611.2 0.291526 
16649.3 0.287321 
16687.4 0.283059 
16725.5 0.278743 
16763.5 0.274376 
16801.6 0.269962 
16839.7 0.265504 
16877.8 0.26101 
16915.8 0.256482 
16953.9 0.251929 
16992 0.247356 
17030.1 0.24277 
17068.1 0.238178 
17106.2 0.233588 
17144.3 0.229007 
17182.4 0.224442 
17220.4 0.219902 
17258.5 0.215393 
17296.6 0.210922 
17334.7 0.206459 
17372.7 0.202011 
17410.8 0.197623 
17448.9 0.193299 
17487 0.189045 
17525.1 0.184865 
17563.1 0.180762 
17601.2 0.176739 
17639.3 0.172799 
17677.4 0.168943 
17715.4 0.165173 
17753.5 0.161489 
17791.6 0.157892 
17829.7 0.154383 
17867.7 0.15096 
17905.8 0.147623 
17943.9 0.144371 
17982 0.141203 
18020 0.138118 
18058.1 0.135114 
18096.2 0.13219 
18134.3 0.129343 
18172.3 0.126573 
18210.4 0.123856 
18248.5 0.121201 
18286.6 0.118618 
18324.6 0.116106 
18362.7 0.113662 
18400.8 0.111284 
18438.9 0.108962 
18477 0.106704 
18515 0.104507 
18553.1 0.10237 
18591.2 0.10029 
18629.3 0.0982666 
18667.3 0.0962973 
18705.4 0.0943803 
18743.5 0.0925139 
18781.6 0.0906966 
18819.6 0.0889267 
18857.7 0.0872028 
18895.8 0.0855232 
18933.9 0.0838867 
18971.9 0.0822917 
19010 0.0807371 
19048.1 0.0792214 
19086.2 0.0777436 
19124.2 0.0763 
19162.3 0.0748825 
19200.4 0.0734999 
19238.5 0.0721511 
19276.6 0.070835 
19314.6 0.0695506 
19352.7 0.0682969 
19390.8 0.0670731 
19428.9 0.0658782 
19466.9 0.0647112 
19505 0.0635715 
19543.1 0.0624581 
19581.2 0.0613703 
19619.2 0.0603073 
19657.3 0.0592684 
19695.4 0.058253 
19733.5 0.0572602 
19771.5 0.0562895 
19809.6 0.0553402 
19847.7 0.0544118 
19885.8 0.0535036 
19923.8 0.0526151 
19961.9 0.0517457 
20000 0.0508949 
