1000 0.930515 
1038.08 0.930225 
1076.15 0.930096 
1114.23 0.930124 
1152.3 0.92977 
1190.38 0.92905 
1228.46 0.928442 
1266.53 0.927946 
1304.61 0.927563 
1342.69 0.927293 
1380.76 0.926885 
1418.84 0.925808 
1456.91 0.924799 
1494.99 0.923862 
1533.07 0.922997 
1571.14 0.922208 
1609.22 0.921495 
1647.29 0.920312 
1685.37 0.919061 
1723.45 0.91731 
1761.52 0.91558 
1799.6 0.913724 
1837.68 0.910798 
1875.75 0.907793 
1913.83 0.903807 
1951.9 0.897974 
1989.98 0.887315 
2028.06 0.828809 
2066.13 0.74163 
2104.21 0.752478 
2142.28 0.747139 
2180.36 0.759242 
2218.44 0.765922 
2256.51 0.770239 
2294.59 0.773124 
2332.67 0.775863 
2370.74 0.778438 
2408.82 0.780717 
2446.89 0.783006 
2484.97 0.782235 
2523.05 0.774949 
2561.12 0.769502 
2599.2 0.776453 
2637.27 0.780706 
2675.35 0.784153 
2713.43 0.785962 
2751.5 0.787836 
2789.58 0.789387 
2827.66 0.789912 
2865.73 0.789483 
2903.81 0.786033 
2941.88 0.78605 
2979.96 0.788078 
3018.04 0.788872 
3056.11 0.789716 
3094.19 0.789928 
3132.26 0.789204 
3170.34 0.788318 
3208.42 0.788099 
3246.49 0.78897 
3284.57 0.789382 
3322.65 0.789834 
3360.72 0.790323 
3398.8 0.790709 
3436.87 0.790894 
3474.95 0.79112 
3513.03 0.791387 
3551.1 0.791695 
3589.18 0.791889 
3627.25 0.792058 
3665.33 0.792269 
3703.41 0.792522 
3741.48 0.792816 
3779.56 0.79258 
3817.64 0.792166 
3855.71 0.79178 
3893.79 0.791421 
3931.86 0.791089 
3969.94 0.790784 
4008.02 0.790506 
4046.09 0.790188 
4084.17 0.789829 
4122.24 0.789497 
4160.32 0.789194 
4198.4 0.788918 
4236.47 0.78867 
4274.55 0.78845 
4312.62 0.788257 
4350.7 0.787773 
4388.78 0.787052 
4426.85 0.78635 
4464.93 0.785666 
4503.01 0.785 
4541.08 0.784353 
4579.16 0.783723 
4617.23 0.783113 
4655.31 0.78252 
4693.39 0.781946 
4731.46 0.78139 
4769.54 0.78078 
4807.62 0.780175 
4845.69 0.77959 
4883.77 0.779024 
4921.84 0.778313 
4959.92 0.777374 
4998 0.776448 
5036.07 0.775533 
5074.15 0.77463 
5112.22 0.773739 
5150.3 0.77286 
5188.38 0.771993 
5226.45 0.771137 
5264.53 0.770294 
5302.6 0.76942 
5340.68 0.76855 
5378.76 0.767693 
5416.83 0.766847 
5454.91 0.766015 
5492.99 0.765194 
5531.06 0.76424 
5569.14 0.763077 
5607.21 0.761922 
5645.29 0.760773 
5683.37 0.759631 
5721.44 0.758497 
5759.52 0.757369 
5797.6 0.756248 
5835.67 0.755134 
5873.75 0.754028 
5911.82 0.752917 
5949.9 0.751786 
5987.98 0.750662 
6026.05 0.749545 
6064.13 0.748436 
6102.2 0.747334 
6140.28 0.74624 
6178.36 0.745154 
6216.43 0.744075 
6254.51 0.743004 
6292.59 0.741941 
6330.66 0.740886 
6368.74 0.739838 
6406.81 0.738746 
6444.89 0.737361 
6482.97 0.735979 
6521.04 0.7346 
6559.12 0.733225 
6597.19 0.731853 
6635.27 0.730484 
6673.35 0.729118 
6711.42 0.727736 
6749.5 0.726353 
6787.58 0.724974 
6825.65 0.723599 
6863.73 0.722227 
6901.8 0.720858 
6939.88 0.719494 
6977.96 0.718133 
7016.03 0.716776 
7054.11 0.715422 
7092.18 0.714073 
7130.26 0.712728 
7168.34 0.711387 
7206.41 0.710049 
7244.49 0.708716 
7282.57 0.707388 
7320.64 0.706063 
7358.72 0.704472 
7396.79 0.702876 
7434.87 0.701282 
7472.95 0.699688 
7511.02 0.698095 
7549.1 0.696503 
7587.17 0.694912 
7625.25 0.693322 
7663.33 0.691725 
7701.4 0.690112 
7739.48 0.688501 
7777.55 0.68689 
7815.63 0.68528 
7853.71 0.683671 
7891.78 0.682063 
7929.86 0.680457 
7967.94 0.678851 
8006.01 0.677247 
8044.09 0.675644 
8082.16 0.674043 
8120.24 0.672442 
8158.32 0.670843 
8196.39 0.669245 
8234.47 0.667649 
8272.54 0.666054 
8310.62 0.66446 
8348.7 0.662763 
8386.77 0.660928 
8424.85 0.659091 
8462.93 0.657253 
8501 0.655414 
8539.08 0.653572 
8577.15 0.651729 
8615.23 0.649884 
8653.31 0.648038 
8691.38 0.646177 
8729.46 0.644292 
8767.54 0.642405 
8805.61 0.640516 
8843.69 0.638624 
8881.76 0.636731 
8919.84 0.634835 
8957.92 0.632937 
8995.99 0.631036 
9034.07 0.629133 
9072.14 0.627227 
9110.22 0.625319 
9148.3 0.623407 
9186.37 0.621494 
9224.45 0.619577 
9262.53 0.617657 
9300.6 0.615735 
9338.68 0.613809 
9376.75 0.61188 
9414.83 0.609947 
9452.91 0.608011 
9490.98 0.606072 
9529.06 0.604128 
9567.13 0.602099 
9605.21 0.599856 
9643.29 0.597605 
9681.36 0.595343 
9719.44 0.593073 
9757.52 0.590792 
9795.59 0.588501 
9833.67 0.5862 
9871.74 0.583887 
9909.82 0.581562 
9947.9 0.579226 
9985.97 0.576877 
10024 0.574514 
10062.1 0.572138 
10100.2 0.569748 
10138.3 0.567342 
10176.4 0.564921 
10214.4 0.562386 
10252.5 0.559783 
10290.6 0.557157 
10328.7 0.554506 
10366.7 0.55183 
10404.8 0.549126 
10442.9 0.546393 
10481 0.543629 
10519 0.540833 
10557.1 0.538002 
10595.2 0.535134 
10633.3 0.531923 
10671.3 0.528626 
10709.4 0.525265 
10747.5 0.521834 
10785.6 0.518328 
10823.6 0.51474 
10861.7 0.510796 
10899.8 0.506175 
10937.9 0.500295 
10976 0.494038 
11014 0.485248 
11052.1 0.471804 
11090.2 0.451821 
11128.3 0.424698 
11166.3 0.391018 
11204.4 0.360883 
11242.5 0.335762 
11280.6 0.319906 
11318.6 0.310659 
11356.7 0.305733 
11394.8 0.304165 
11432.9 0.304723 
11470.9 0.304685 
11509 0.303899 
11547.1 0.303096 
11585.2 0.301501 
11623.2 0.299018 
11661.3 0.296498 
11699.4 0.293943 
11737.5 0.291351 
11775.6 0.288068 
11813.6 0.28434 
11851.7 0.28055 
11889.8 0.276696 
11927.9 0.272779 
11965.9 0.268799 
12004 0.264756 
12042.1 0.260651 
12080.2 0.255834 
12118.2 0.250791 
12156.3 0.245677 
12194.4 0.240499 
12232.5 0.235264 
12270.5 0.22998 
12308.6 0.224658 
12346.7 0.218712 
12384.8 0.212432 
12422.8 0.206162 
12460.9 0.199921 
12499 0.193732 
12537.1 0.187613 
12575.2 0.180626 
12613.2 0.172925 
12651.3 0.165081 
12689.4 0.157608 
12727.5 0.150276 
12765.5 0.142647 
12803.6 0.13558 
12841.7 0.129593 
12879.8 0.125512 
12917.8 0.121644 
12955.9 0.118978 
12994 0.117126 
13032.1 0.115327 
13070.1 0.113564 
13108.2 0.111968 
13146.3 0.10981 
13184.4 0.107208 
13222.4 0.104676 
13260.5 0.102214 
13298.6 0.0995289 
13336.7 0.0969182 
13374.7 0.0944019 
13412.8 0.092444 
13450.9 0.0908532 
13489 0.0893008 
13527.1 0.0877894 
13565.1 0.0865539 
13603.2 0.0853355 
13641.3 0.084134 
13679.4 0.0829493 
13717.4 0.0816316 
13755.5 0.0801325 
13793.6 0.0786643 
13831.7 0.0772265 
13869.7 0.0758186 
13907.8 0.07444 
13945.9 0.0730872 
13984 0.0716031 
14022 0.0701541 
14060.1 0.0687393 
14098.2 0.0673582 
14136.3 0.0660097 
14174.3 0.0646931 
14212.4 0.0634077 
14250.5 0.0621526 
14288.6 0.0609272 
14326.7 0.0596949 
14364.7 0.0584575 
14402.8 0.057251 
14440.9 0.0560747 
14479 0.0549275 
14517 0.0538088 
14555.1 0.0527177 
14593.2 0.0516535 
14631.3 0.0506154 
14669.3 0.0495832 
14707.4 0.0485624 
14745.5 0.0475673 
14783.6 0.0465971 
14821.6 0.0456509 
14859.7 0.0447282 
14897.8 0.0438283 
14935.9 0.0429504 
14973.9 0.042094 
15012 0.0412584 
15050.1 0.0404413 
15088.2 0.0396263 
15126.3 0.0388313 
15164.3 0.0380558 
15202.4 0.0372991 
15240.5 0.0365607 
15278.6 0.0358402 
15316.6 0.0351369 
15354.7 0.0344503 
15392.8 0.0337801 
15430.9 0.0331195 
15468.9 0.0324677 
15507 0.0318315 
15545.1 0.0312103 
15583.2 0.0306038 
15621.2 0.0300116 
15659.3 0.0294332 
15697.4 0.0288683 
15735.5 0.0283164 
15773.5 0.0277773 
15811.6 0.0272505 
15849.7 0.0267357 
15887.8 0.0262326 
15925.9 0.0257408 
15963.9 0.0252573 
16002 0.0247798 
16040.1 0.0243132 
16078.2 0.023857 
16116.2 0.0234111 
16154.3 0.0229753 
16192.4 0.0225493 
16230.5 0.0221326 
16268.5 0.0217251 
16306.6 0.0213266 
16344.7 0.0209367 
16382.8 0.0205553 
16420.8 0.0201821 
16458.9 0.019817 
16497 0.0194597 
16535.1 0.01911 
16573.1 0.0187635 
16611.2 0.0184241 
16649.3 0.0180918 
16687.4 0.0177666 
16725.5 0.0174483 
16763.5 0.0171367 
16801.6 0.0168317 
16839.7 0.0165329 
16877.8 0.0162404 
16915.8 0.015954 
16953.9 0.0156734 
16992 0.0153986 
17030.1 0.0151294 
17068.1 0.0148657 
17106.2 0.0146074 
17144.3 0.0143542 
17182.4 0.0141062 
17220.4 0.0138631 
17258.5 0.0136249 
17296.6 0.0133914 
17334.7 0.0131612 
17372.7 0.0129343 
17410.8 0.0127118 
17448.9 0.0124938 
17487 0.0122801 
17525.1 0.0120705 
17563.1 0.0118651 
17601.2 0.0116637 
17639.3 0.0114662 
17677.4 0.0112726 
17715.4 0.0110827 
17753.5 0.0108964 
17791.6 0.0107137 
17829.7 0.0105345 
17867.7 0.0103588 
17905.8 0.0101863 
17943.9 0.0100172 
17982 0.00985122 
18020 0.00968836 
18058.1 0.00952857 
18096.2 0.00937178 
18134.3 0.00921789 
18172.3 0.00906686 
18210.4 0.00891781 
18248.5 0.00877102 
18286.6 0.00862695 
18324.6 0.00848556 
18362.7 0.00834677 
18400.8 0.00821053 
18438.9 0.00807692 
18477 0.00794575 
18515 0.00781697 
18553.1 0.00769054 
18591.2 0.00756639 
18629.3 0.00744448 
18667.3 0.00732478 
18705.4 0.00720723 
18743.5 0.00709178 
18781.6 0.0069784 
18819.6 0.00686704 
18857.7 0.00675766 
18895.8 0.00665022 
18933.9 0.00654467 
18971.9 0.00644099 
19010 0.00633914 
19048.1 0.00623907 
19086.2 0.00614075 
19124.2 0.00604403 
19162.3 0.00594853 
19200.4 0.00585469 
19238.5 0.00576248 
19276.6 0.00567188 
19314.6 0.00558285 
19352.7 0.00549536 
19390.8 0.00540939 
19428.9 0.00532489 
19466.9 0.00524184 
19505 0.00516022 
19543.1 0.00508 
19581.2 0.00500114 
19619.2 0.00492362 
19657.3 0.00484742 
19695.4 0.00477252 
19733.5 0.00469888 
19771.5 0.00462648 
19809.6 0.0045553 
19847.7 0.00448531 
19885.8 0.0044165 
19923.8 0.00434884 
19961.9 0.00428231 
20000 0.00421689 
