1000 0.953174 
1038.08 0.952889 
1076.15 0.952706 
1114.23 0.952625 
1152.3 0.952287 
1190.38 0.951705 
1228.46 0.951192 
1266.53 0.95075 
1304.61 0.95038 
1342.69 0.950082 
1380.76 0.949689 
1418.84 0.948851 
1456.91 0.948055 
1494.99 0.947302 
1533.07 0.946596 
1571.14 0.945935 
1609.22 0.945323 
1647.29 0.944398 
1685.37 0.943426 
1723.45 0.942121 
1761.52 0.940827 
1799.6 0.939448 
1837.68 0.937364 
1875.75 0.935227 
1913.83 0.932443 
1951.9 0.928445 
1989.98 0.921268 
2028.06 0.88198 
2066.13 0.820956 
2104.21 0.828313 
2142.28 0.824239 
2180.36 0.832553 
2218.44 0.837059 
2256.51 0.839902 
2294.59 0.841739 
2332.67 0.843464 
2370.74 0.84507 
2408.82 0.846478 
2446.89 0.847886 
2484.97 0.84718 
2523.05 0.841932 
2561.12 0.837905 
2599.2 0.842531 
2637.27 0.845282 
2675.35 0.847465 
2713.43 0.848517 
2751.5 0.849607 
2789.58 0.85047 
2827.66 0.850629 
2865.73 0.850125 
2903.81 0.847534 
2941.88 0.847311 
2979.96 0.848476 
3018.04 0.848796 
3056.11 0.849145 
3094.19 0.849063 
3132.26 0.848336 
3170.34 0.847486 
3208.42 0.847083 
3246.49 0.847427 
3284.57 0.84746 
3322.65 0.847516 
3360.72 0.847594 
3398.8 0.847598 
3436.87 0.847464 
3474.95 0.847354 
3513.03 0.847269 
3551.1 0.847207 
3589.18 0.847066 
3627.25 0.846905 
3665.33 0.846768 
3703.41 0.846657 
3741.48 0.846569 
3779.56 0.84612 
3817.64 0.845548 
3855.71 0.844992 
3893.79 0.844451 
3931.86 0.843925 
3969.94 0.843415 
4008.02 0.842919 
4046.09 0.842394 
4084.17 0.841839 
4122.24 0.8413 
4160.32 0.840777 
4198.4 0.840268 
4236.47 0.839775 
4274.55 0.839298 
4312.62 0.838835 
4350.7 0.838176 
4388.78 0.837356 
4426.85 0.836546 
4464.93 0.835745 
4503.01 0.834953 
4541.08 0.834171 
4579.16 0.833399 
4617.23 0.832635 
4655.31 0.831881 
4693.39 0.831136 
4731.46 0.8304 
4769.54 0.829627 
4807.62 0.828855 
4845.69 0.828093 
4883.77 0.827341 
4921.84 0.82649 
4959.92 0.825487 
4998 0.824489 
5036.07 0.823496 
5074.15 0.822509 
5112.22 0.821527 
5150.3 0.82055 
5188.38 0.819578 
5226.45 0.818612 
5264.53 0.81765 
5302.6 0.816668 
5340.68 0.815685 
5378.76 0.814709 
5416.83 0.813737 
5454.91 0.812771 
5492.99 0.811811 
5531.06 0.810761 
5569.14 0.809574 
5607.21 0.808389 
5645.29 0.807206 
5683.37 0.806026 
5721.44 0.804848 
5759.52 0.803672 
5797.6 0.802499 
5835.67 0.801328 
5873.75 0.80016 
5911.82 0.798987 
5949.9 0.797799 
5987.98 0.796614 
6026.05 0.795432 
6064.13 0.794252 
6102.2 0.793075 
6140.28 0.791901 
6178.36 0.790729 
6216.43 0.78956 
6254.51 0.788394 
6292.59 0.787231 
6330.66 0.78607 
6368.74 0.784913 
6406.81 0.783724 
6444.89 0.782349 
6482.97 0.780974 
6521.04 0.779599 
6559.12 0.778225 
6597.19 0.776851 
6635.27 0.775477 
6673.35 0.774104 
6711.42 0.77272 
6749.5 0.771334 
6787.58 0.769949 
6825.65 0.768564 
6863.73 0.767181 
6901.8 0.765797 
6939.88 0.764415 
6977.96 0.763033 
7016.03 0.761652 
7054.11 0.760272 
7092.18 0.758893 
7130.26 0.757515 
7168.34 0.756137 
7206.41 0.754761 
7244.49 0.753385 
7282.57 0.752011 
7320.64 0.750638 
7358.72 0.7491 
7396.79 0.747559 
7434.87 0.746018 
7472.95 0.744476 
7511.02 0.742934 
7549.1 0.741392 
7587.17 0.739849 
7625.25 0.738306 
7663.33 0.736758 
7701.4 0.735202 
7739.48 0.733645 
7777.55 0.732087 
7815.63 0.73053 
7853.71 0.728973 
7891.78 0.727416 
7929.86 0.725859 
7967.94 0.724302 
8006.01 0.722745 
8044.09 0.721188 
8082.16 0.719631 
8120.24 0.718075 
8158.32 0.716519 
8196.39 0.714963 
8234.47 0.713408 
8272.54 0.711852 
8310.62 0.710298 
8348.7 0.708682 
8386.77 0.706988 
8424.85 0.705292 
8462.93 0.703596 
8501 0.7019 
8539.08 0.700203 
8577.15 0.698505 
8615.23 0.696807 
8653.31 0.695109 
8691.38 0.693404 
8729.46 0.691689 
8767.54 0.689974 
8805.61 0.688258 
8843.69 0.686542 
8881.76 0.684826 
8919.84 0.68311 
8957.92 0.681394 
8995.99 0.679677 
9034.07 0.677961 
9072.14 0.676245 
9110.22 0.674529 
9148.3 0.672814 
9186.37 0.671098 
9224.45 0.669383 
9262.53 0.667668 
9300.6 0.665953 
9338.68 0.664239 
9376.75 0.662525 
9414.83 0.660811 
9452.91 0.659098 
9490.98 0.657386 
9529.06 0.655674 
9567.13 0.653922 
9605.21 0.652067 
9643.29 0.650212 
9681.36 0.648357 
9719.44 0.646502 
9757.52 0.644647 
9795.59 0.642792 
9833.67 0.640937 
9871.74 0.639082 
9909.82 0.637227 
9947.9 0.635372 
9985.97 0.633518 
10024 0.631664 
10062.1 0.62981 
10100.2 0.627956 
10138.3 0.626103 
10176.4 0.62425 
10214.4 0.622366 
10252.5 0.620468 
10290.6 0.618569 
10328.7 0.616672 
10366.7 0.614774 
10404.8 0.612878 
10442.9 0.610982 
10481 0.609087 
10519 0.607192 
10557.1 0.605299 
10595.2 0.603406 
10633.3 0.601433 
10671.3 0.599454 
10709.4 0.597476 
10747.5 0.595498 
10785.6 0.59352 
10823.6 0.591543 
10861.7 0.589508 
10899.8 0.587352 
10937.9 0.584741 
10976 0.582066 
11014 0.578731 
11052.1 0.573764 
11090.2 0.56633 
11128.3 0.556027 
11166.3 0.542636 
11204.4 0.528906 
11242.5 0.515908 
11280.6 0.505276 
11318.6 0.498316 
11356.7 0.493677 
11394.8 0.491184 
11432.9 0.490117 
11470.9 0.489483 
11509 0.488657 
11547.1 0.487822 
11585.2 0.486796 
11623.2 0.485562 
11661.3 0.484327 
11699.4 0.483091 
11737.5 0.481854 
11775.6 0.480473 
11813.6 0.479008 
11851.7 0.477544 
11889.8 0.476083 
11927.9 0.474622 
11965.9 0.473163 
12004 0.471706 
12042.1 0.47025 
12080.2 0.46867 
12118.2 0.467063 
12156.3 0.465459 
12194.4 0.463857 
12232.5 0.462258 
12270.5 0.460661 
12308.6 0.459067 
12346.7 0.457366 
12384.8 0.45561 
12422.8 0.453856 
12460.9 0.452105 
12499 0.450356 
12537.1 0.448611 
12575.2 0.446679 
12613.2 0.444271 
12651.3 0.44106 
12689.4 0.437842 
12727.5 0.434046 
12765.5 0.428227 
12803.6 0.422417 
12841.7 0.416687 
12879.8 0.411201 
12917.8 0.405776 
12955.9 0.400816 
12994 0.398428 
13032.1 0.396114 
13070.1 0.393811 
13108.2 0.392145 
13146.3 0.390465 
13184.4 0.388565 
13222.4 0.386668 
13260.5 0.384775 
13298.6 0.381679 
13336.7 0.378497 
13374.7 0.375328 
13412.8 0.372436 
13450.9 0.369738 
13489 0.367057 
13527.1 0.364417 
13565.1 0.363313 
13603.2 0.362207 
13641.3 0.3611 
13679.4 0.359992 
13717.4 0.358786 
13755.5 0.357446 
13793.6 0.356108 
13831.7 0.354771 
13869.7 0.353436 
13907.8 0.352102 
13945.9 0.350769 
13984 0.349399 
14022 0.348032 
14060.1 0.346667 
14098.2 0.345304 
14136.3 0.343943 
14174.3 0.342585 
14212.4 0.341229 
14250.5 0.339875 
14288.6 0.338524 
14326.7 0.337142 
14364.7 0.33573 
14402.8 0.334321 
14440.9 0.332915 
14479 0.331511 
14517 0.330109 
14555.1 0.328711 
14593.2 0.327315 
14631.3 0.325921 
14669.3 0.324509 
14707.4 0.323082 
14745.5 0.321659 
14783.6 0.320238 
14821.6 0.31882 
14859.7 0.317405 
14897.8 0.315992 
14935.9 0.314583 
14973.9 0.313176 
15012 0.311772 
15050.1 0.310368 
15088.2 0.308941 
15126.3 0.307517 
15164.3 0.306096 
15202.4 0.304677 
15240.5 0.303261 
15278.6 0.301849 
15316.6 0.300438 
15354.7 0.299031 
15392.8 0.297627 
15430.9 0.296214 
15468.9 0.294791 
15507 0.293371 
15545.1 0.291953 
15583.2 0.290538 
15621.2 0.289126 
15659.3 0.287717 
15697.4 0.286311 
15735.5 0.284907 
15773.5 0.283506 
15811.6 0.282108 
15849.7 0.280712 
15887.8 0.279319 
15925.9 0.277929 
15963.9 0.276534 
16002 0.275129 
16040.1 0.273726 
16078.2 0.272326 
16116.2 0.270904 
16154.3 0.2694 
16192.4 0.267899 
16230.5 0.2664 
16268.5 0.264903 
16306.6 0.263409 
16344.7 0.261917 
16382.8 0.260426 
16420.8 0.258938 
16458.9 0.257452 
16497 0.255969 
16535.1 0.254487 
16573.1 0.252991 
16611.2 0.251495 
16649.3 0.250002 
16687.4 0.248509 
16725.5 0.247019 
16763.5 0.24553 
16801.6 0.244043 
16839.7 0.242557 
16877.8 0.241072 
16915.8 0.239589 
16953.9 0.238107 
16992 0.236627 
17030.1 0.235147 
17068.1 0.233668 
17106.2 0.232191 
17144.3 0.230714 
17182.4 0.229238 
17220.4 0.227762 
17258.5 0.226288 
17296.6 0.224813 
17334.7 0.223331 
17372.7 0.22184 
17410.8 0.22035 
17448.9 0.218859 
17487 0.217368 
17525.1 0.215876 
17563.1 0.214384 
17601.2 0.212891 
17639.3 0.211397 
17677.4 0.209902 
17715.4 0.208406 
17753.5 0.206908 
17791.6 0.205409 
17829.7 0.203908 
17867.7 0.202404 
17905.8 0.200899 
17943.9 0.199391 
17982 0.19788 
18020 0.196366 
18058.1 0.194849 
18096.2 0.193329 
18134.3 0.191804 
18172.3 0.190276 
18210.4 0.188734 
18248.5 0.187181 
18286.6 0.185622 
18324.6 0.184058 
18362.7 0.182488 
18400.8 0.180911 
18438.9 0.179252 
18477 0.177584 
18515 0.175909 
18553.1 0.174225 
18591.2 0.172532 
18629.3 0.17083 
18667.3 0.169118 
18705.4 0.167396 
18743.5 0.165663 
18781.6 0.163918 
18819.6 0.162161 
18857.7 0.160391 
18895.8 0.158608 
18933.9 0.156811 
18971.9 0.155 
19010 0.153173 
19048.1 0.151329 
19086.2 0.14947 
19124.2 0.14759 
19162.3 0.14568 
19200.4 0.143751 
19238.5 0.141802 
19276.6 0.139833 
19314.6 0.137843 
19352.7 0.135831 
19390.8 0.133799 
19428.9 0.131744 
19466.9 0.129668 
19505 0.12757 
19543.1 0.12545 
19581.2 0.12331 
19619.2 0.121149 
19657.3 0.118969 
19695.4 0.116772 
19733.5 0.114558 
19771.5 0.112329 
19809.6 0.110089 
19847.7 0.107839 
19885.8 0.105583 
19923.8 0.103324 
19961.9 0.101065 
20000 0.0988098 
