1000 0.944336 
1038.08 0.944182 
1076.15 0.944163 
1114.23 0.944276 
1152.3 0.944078 
1190.38 0.943583 
1228.46 0.943183 
1266.53 0.942878 
1304.61 0.942668 
1342.69 0.942556 
1380.76 0.942333 
1418.84 0.941563 
1456.91 0.940852 
1494.99 0.940203 
1533.07 0.939617 
1571.14 0.939096 
1609.22 0.938642 
1647.29 0.937805 
1685.37 0.936914 
1723.45 0.935616 
1761.52 0.934338 
1799.6 0.93296 
1837.68 0.930707 
1875.75 0.928392 
1913.83 0.925274 
1951.9 0.920641 
1989.98 0.912041 
2028.06 0.863643 
2066.13 0.789661 
2104.21 0.798988 
2142.28 0.794467 
2180.36 0.804937 
2218.44 0.810788 
2256.51 0.814628 
2294.59 0.817252 
2332.67 0.819751 
2370.74 0.822112 
2408.82 0.824234 
2446.89 0.826367 
2484.97 0.82591 
2523.05 0.819901 
2561.12 0.815418 
2599.2 0.821525 
2637.27 0.825342 
2675.35 0.828474 
2713.43 0.830222 
2751.5 0.832027 
2789.58 0.83356 
2827.66 0.83423 
2865.73 0.834089 
2903.81 0.831381 
2941.88 0.831609 
2979.96 0.833556 
3018.04 0.834463 
3056.11 0.835414 
3094.19 0.835835 
3132.26 0.835463 
3170.34 0.834949 
3208.42 0.835 
3246.49 0.835983 
3284.57 0.836584 
3322.65 0.837221 
3360.72 0.837893 
3398.8 0.83848 
3436.87 0.8389 
3474.95 0.839359 
3513.03 0.839854 
3551.1 0.840387 
3589.18 0.840826 
3627.25 0.841248 
3665.33 0.841708 
3703.41 0.842206 
3741.48 0.842741 
3779.56 0.842829 
3817.64 0.842769 
3855.71 0.842734 
3893.79 0.842725 
3931.86 0.842742 
3969.94 0.842785 
4008.02 0.842852 
4046.09 0.842889 
4084.17 0.842894 
4122.24 0.842925 
4160.32 0.842982 
4198.4 0.843066 
4236.47 0.843175 
4274.55 0.84331 
4312.62 0.843472 
4350.7 0.843389 
4388.78 0.843106 
4426.85 0.842842 
4464.93 0.842596 
4503.01 0.842367 
4541.08 0.842157 
4579.16 0.841964 
4617.23 0.84179 
4655.31 0.841633 
4693.39 0.841494 
4731.46 0.841373 
4769.54 0.841209 
4807.62 0.841053 
4845.69 0.840916 
4883.77 0.840797 
4921.84 0.840556 
4959.92 0.840124 
4998 0.839704 
5036.07 0.839296 
5074.15 0.8389 
5112.22 0.838517 
5150.3 0.838146 
5188.38 0.837787 
5226.45 0.837441 
5264.53 0.837107 
5302.6 0.836749 
5340.68 0.836398 
5378.76 0.836059 
5416.83 0.835733 
5454.91 0.835419 
5492.99 0.835118 
5531.06 0.834704 
5569.14 0.834115 
5607.21 0.833533 
5645.29 0.83296 
5683.37 0.832394 
5721.44 0.831835 
5759.52 0.831285 
5797.6 0.830743 
5835.67 0.830208 
5873.75 0.829682 
5911.82 0.829154 
5949.9 0.828611 
5987.98 0.828077 
6026.05 0.82755 
6064.13 0.827032 
6102.2 0.826522 
6140.28 0.82602 
6178.36 0.825527 
6216.43 0.825042 
6254.51 0.824566 
6292.59 0.824098 
6330.66 0.823638 
6368.74 0.823187 
6406.81 0.822699 
6444.89 0.821962 
6482.97 0.82123 
6521.04 0.820501 
6559.12 0.819777 
6597.19 0.819058 
6635.27 0.818343 
6673.35 0.817632 
6711.42 0.81691 
6749.5 0.816189 
6787.58 0.815472 
6825.65 0.814761 
6863.73 0.814054 
6901.8 0.813351 
6939.88 0.812654 
6977.96 0.811961 
7016.03 0.811273 
7054.11 0.81059 
7092.18 0.809912 
7130.26 0.809239 
7168.34 0.808571 
7206.41 0.807908 
7244.49 0.80725 
7282.57 0.806597 
7320.64 0.80595 
7358.72 0.805075 
7396.79 0.804198 
7434.87 0.803323 
7472.95 0.80245 
7511.02 0.80158 
7549.1 0.800712 
7587.17 0.799846 
7625.25 0.798982 
7663.33 0.798115 
7701.4 0.797237 
7739.48 0.796361 
7777.55 0.795487 
7815.63 0.794616 
7853.71 0.793748 
7891.78 0.792882 
7929.86 0.792019 
7967.94 0.791158 
8006.01 0.7903 
8044.09 0.789444 
8082.16 0.788592 
8120.24 0.787742 
8158.32 0.786895 
8196.39 0.78605 
8234.47 0.785209 
8272.54 0.78437 
8310.62 0.783534 
8348.7 0.782611 
8386.77 0.781573 
8424.85 0.780535 
8462.93 0.779498 
8501 0.778461 
8539.08 0.777425 
8577.15 0.77639 
8615.23 0.775355 
8653.31 0.77432 
8691.38 0.773277 
8729.46 0.772218 
8767.54 0.77116 
8805.61 0.770102 
8843.69 0.769045 
8881.76 0.767989 
8919.84 0.766933 
8957.92 0.765878 
8995.99 0.764824 
9034.07 0.763771 
9072.14 0.762718 
9110.22 0.761667 
9148.3 0.760616 
9186.37 0.759566 
9224.45 0.758517 
9262.53 0.757469 
9300.6 0.756421 
9338.68 0.755375 
9376.75 0.75433 
9414.83 0.753286 
9452.91 0.752243 
9490.98 0.751201 
9529.06 0.75016 
9567.13 0.749056 
9605.21 0.747784 
9643.29 0.746512 
9681.36 0.745238 
9719.44 0.743963 
9757.52 0.742686 
9795.59 0.741408 
9833.67 0.740128 
9871.74 0.738847 
9909.82 0.737565 
9947.9 0.736281 
9985.97 0.734996 
10024 0.733709 
10062.1 0.732421 
10100.2 0.731131 
10138.3 0.729839 
10176.4 0.728547 
10214.4 0.727194 
10252.5 0.725811 
10290.6 0.724425 
10328.7 0.723036 
10366.7 0.721645 
10404.8 0.720252 
10442.9 0.718856 
10481 0.717457 
10519 0.716055 
10557.1 0.71465 
10595.2 0.713243 
10633.3 0.711674 
10671.3 0.710086 
10709.4 0.708491 
10747.5 0.706891 
10785.6 0.705284 
10823.6 0.70367 
10861.7 0.701928 
10899.8 0.699929 
10937.9 0.697109 
10976 0.694155 
11014 0.689923 
11052.1 0.682712 
11090.2 0.671027 
11128.3 0.654163 
11166.3 0.631799 
11204.4 0.609216 
11242.5 0.588254 
11280.6 0.571987 
11318.6 0.56205 
11356.7 0.556124 
11394.8 0.553814 
11432.9 0.553894 
11470.9 0.554514 
11509 0.554747 
11547.1 0.554971 
11585.2 0.5548 
11623.2 0.554198 
11661.3 0.553594 
11699.4 0.552989 
11737.5 0.552382 
11775.6 0.551464 
11813.6 0.550363 
11851.7 0.549259 
11889.8 0.548153 
11927.9 0.547044 
11965.9 0.545934 
12004 0.544821 
12042.1 0.543705 
12080.2 0.542303 
12118.2 0.540828 
12156.3 0.539349 
12194.4 0.537863 
12232.5 0.536371 
12270.5 0.534873 
12308.6 0.533368 
12346.7 0.531596 
12384.8 0.529671 
12422.8 0.527732 
12460.9 0.525779 
12499 0.523811 
12537.1 0.521827 
12575.2 0.519348 
12613.2 0.515854 
12651.3 0.510815 
12689.4 0.505708 
12727.5 0.499468 
12765.5 0.489418 
12803.6 0.479357 
12841.7 0.469589 
12879.8 0.460729 
12917.8 0.452007 
12955.9 0.444476 
12994 0.441576 
13032.1 0.438801 
13070.1 0.436035 
13108.2 0.434393 
13146.3 0.432476 
13184.4 0.429961 
13222.4 0.427432 
13260.5 0.424888 
13298.6 0.420128 
13336.7 0.415195 
13374.7 0.410268 
13412.8 0.406073 
13450.9 0.402389 
13489 0.398726 
13527.1 0.395131 
13565.1 0.394255 
13603.2 0.393371 
13641.3 0.392479 
13679.4 0.391581 
13717.4 0.390399 
13755.5 0.388824 
13793.6 0.387238 
13831.7 0.385639 
13869.7 0.384029 
13907.8 0.382407 
13945.9 0.380768 
13984 0.378897 
14022 0.377008 
14060.1 0.375101 
14098.2 0.373176 
14136.3 0.371232 
14174.3 0.369268 
14212.4 0.367283 
14250.5 0.365278 
14288.6 0.363252 
14326.7 0.361095 
14364.7 0.358804 
14402.8 0.356486 
14440.9 0.354139 
14479 0.351763 
14517 0.349358 
14555.1 0.346923 
14593.2 0.344456 
14631.3 0.341956 
14669.3 0.339342 
14707.4 0.33663 
14745.5 0.33388 
14783.6 0.331091 
14821.6 0.328262 
14859.7 0.325391 
14897.8 0.322479 
14935.9 0.319523 
14973.9 0.316523 
15012 0.313479 
15050.1 0.310379 
15088.2 0.307121 
15126.3 0.303813 
15164.3 0.300456 
15202.4 0.297047 
15240.5 0.293589 
15278.6 0.290079 
15316.6 0.286519 
15354.7 0.282909 
15392.8 0.279249 
15430.9 0.275488 
15468.9 0.271617 
15507 0.2677 
15545.1 0.263737 
15583.2 0.259732 
15621.2 0.255688 
15659.3 0.251607 
15697.4 0.247495 
15735.5 0.243354 
15773.5 0.239191 
15811.6 0.235009 
15849.7 0.230815 
15887.8 0.226613 
15925.9 0.22241 
15963.9 0.218176 
16002 0.213893 
16040.1 0.209628 
16078.2 0.205388 
16116.2 0.201158 
16154.3 0.196904 
16192.4 0.192701 
16230.5 0.188554 
16268.5 0.184468 
16306.6 0.180446 
16344.7 0.176492 
16382.8 0.172609 
16420.8 0.1688 
16458.9 0.165066 
16497 0.16141 
16535.1 0.157832 
16573.1 0.154276 
16611.2 0.150799 
16649.3 0.147404 
16687.4 0.144091 
16725.5 0.140861 
16763.5 0.137713 
16801.6 0.134645 
16839.7 0.131656 
16877.8 0.128745 
16915.8 0.125911 
16953.9 0.123151 
16992 0.120466 
17030.1 0.117852 
17068.1 0.115307 
17106.2 0.112831 
17144.3 0.110422 
17182.4 0.108078 
17220.4 0.105796 
17258.5 0.103575 
17296.6 0.101414 
17334.7 0.0992944 
17372.7 0.0972166 
17410.8 0.0951947 
17448.9 0.0932271 
17487 0.0913121 
17525.1 0.0894478 
17563.1 0.087633 
17601.2 0.0858661 
17639.3 0.0841452 
17677.4 0.0824694 
17715.4 0.080837 
17753.5 0.0792465 
17791.6 0.0776969 
17829.7 0.0761868 
17867.7 0.0747149 
17905.8 0.07328 
17943.9 0.0718811 
17982 0.070517 
18020 0.0691865 
18058.1 0.0678887 
18096.2 0.0666226 
18134.3 0.0653872 
18172.3 0.0641815 
18210.4 0.0629965 
18248.5 0.0618348 
18286.6 0.0607008 
18324.6 0.0595939 
18362.7 0.058513 
18400.8 0.0574575 
18438.9 0.0564257 
18477 0.0554178 
18515 0.0544332 
18553.1 0.0534714 
18591.2 0.0525314 
18629.3 0.0516127 
18667.3 0.0507148 
18705.4 0.049837 
18743.5 0.0489787 
18781.6 0.0481394 
18819.6 0.0473186 
18857.7 0.0465156 
18895.8 0.0457301 
18933.9 0.0449616 
18971.9 0.0442095 
19010 0.0434735 
19048.1 0.0427531 
19086.2 0.0420479 
19124.2 0.0413564 
19162.3 0.040675 
19200.4 0.0400079 
19238.5 0.0393546 
19276.6 0.0387147 
19314.6 0.038088 
19352.7 0.0374741 
19390.8 0.0368726 
19428.9 0.0362833 
19466.9 0.0357058 
19505 0.0351399 
19543.1 0.0345851 
19581.2 0.0340414 
19619.2 0.0335083 
19657.3 0.0329857 
19695.4 0.0324732 
19733.5 0.0319706 
19771.5 0.0314777 
19809.6 0.0309943 
19847.7 0.03052 
19885.8 0.0300548 
19923.8 0.0295983 
19961.9 0.0291505 
20000 0.0287109 
