1000 0.942387 
1038.08 0.942222 
1076.15 0.942196 
1114.23 0.942307 
1152.3 0.942096 
1190.38 0.941578 
1228.46 0.941158 
1266.53 0.940836 
1304.61 0.940612 
1342.69 0.940489 
1380.76 0.94025 
1418.84 0.939447 
1456.91 0.938705 
1494.99 0.938026 
1533.07 0.937412 
1571.14 0.936865 
1609.22 0.936386 
1647.29 0.935512 
1685.37 0.934582 
1723.45 0.933232 
1761.52 0.931901 
1799.6 0.930467 
1837.68 0.928129 
1875.75 0.925726 
1913.83 0.922494 
1951.9 0.917697 
1989.98 0.908801 
2028.06 0.858864 
2066.13 0.782799 
2104.21 0.792381 
2142.28 0.787742 
2180.36 0.79849 
2218.44 0.804492 
2256.51 0.808427 
2294.59 0.811112 
2332.67 0.813669 
2370.74 0.816084 
2408.82 0.818253 
2446.89 0.820432 
2484.97 0.819947 
2523.05 0.813755 
2561.12 0.809137 
2599.2 0.815402 
2637.27 0.819312 
2675.35 0.822519 
2713.43 0.824301 
2751.5 0.826141 
2789.58 0.827703 
2827.66 0.828374 
2865.73 0.828213 
2903.81 0.82541 
2941.88 0.82563 
2979.96 0.827617 
3018.04 0.828533 
3056.11 0.829494 
3094.19 0.829909 
3132.26 0.829508 
3170.34 0.828962 
3208.42 0.828998 
3246.49 0.829992 
3284.57 0.830592 
3322.65 0.831229 
3360.72 0.831901 
3398.8 0.832486 
3436.87 0.8329 
3474.95 0.833352 
3513.03 0.833842 
3551.1 0.83437 
3589.18 0.834803 
3627.25 0.835216 
3665.33 0.835669 
3703.41 0.836161 
3741.48 0.836691 
3779.56 0.836761 
3817.64 0.836677 
3855.71 0.83662 
3893.79 0.83659 
3931.86 0.836585 
3969.94 0.836607 
4008.02 0.836655 
4046.09 0.83667 
4084.17 0.836652 
4122.24 0.836662 
4160.32 0.836698 
4198.4 0.83676 
4236.47 0.83685 
4274.55 0.836966 
4312.62 0.837109 
4350.7 0.836999 
4388.78 0.836684 
4426.85 0.836388 
4464.93 0.83611 
4503.01 0.83585 
4541.08 0.835609 
4579.16 0.835386 
4617.23 0.835181 
4655.31 0.834994 
4693.39 0.834826 
4731.46 0.834676 
4769.54 0.834482 
4807.62 0.834295 
4845.69 0.834127 
4883.77 0.833978 
4921.84 0.833704 
4959.92 0.833232 
4998 0.832773 
5036.07 0.832326 
5074.15 0.831892 
5112.22 0.83147 
5150.3 0.83106 
5188.38 0.830663 
5226.45 0.830278 
5264.53 0.829906 
5302.6 0.82951 
5340.68 0.82912 
5378.76 0.828743 
5416.83 0.828378 
5454.91 0.828026 
5492.99 0.827688 
5531.06 0.827232 
5569.14 0.826596 
5607.21 0.825967 
5645.29 0.825347 
5683.37 0.824734 
5721.44 0.82413 
5759.52 0.823533 
5797.6 0.822944 
5835.67 0.822363 
5873.75 0.821791 
5911.82 0.821217 
5949.9 0.820627 
5987.98 0.820045 
6026.05 0.819471 
6064.13 0.818906 
6102.2 0.818349 
6140.28 0.817801 
6178.36 0.817261 
6216.43 0.81673 
6254.51 0.816207 
6292.59 0.815693 
6330.66 0.815187 
6368.74 0.814691 
6406.81 0.814156 
6444.89 0.813363 
6482.97 0.812575 
6521.04 0.811792 
6559.12 0.811013 
6597.19 0.810238 
6635.27 0.809468 
6673.35 0.808703 
6711.42 0.807925 
6749.5 0.807148 
6787.58 0.806376 
6825.65 0.805608 
6863.73 0.804845 
6901.8 0.804087 
6939.88 0.803334 
6977.96 0.802585 
7016.03 0.801842 
7054.11 0.801103 
7092.18 0.800369 
7130.26 0.79964 
7168.34 0.798917 
7206.41 0.798198 
7244.49 0.797484 
7282.57 0.796776 
7320.64 0.796073 
7358.72 0.795134 
7396.79 0.794194 
7434.87 0.793256 
7472.95 0.79232 
7511.02 0.791386 
7549.1 0.790455 
7587.17 0.789525 
7625.25 0.788598 
7663.33 0.787667 
7701.4 0.786724 
7739.48 0.785783 
7777.55 0.784845 
7815.63 0.783909 
7853.71 0.782976 
7891.78 0.782045 
7929.86 0.781117 
7967.94 0.780191 
8006.01 0.779267 
8044.09 0.778347 
8082.16 0.777429 
8120.24 0.776513 
8158.32 0.775601 
8196.39 0.774691 
8234.47 0.773784 
8272.54 0.772879 
8310.62 0.771978 
8348.7 0.770986 
8386.77 0.769875 
8424.85 0.768764 
8462.93 0.767654 
8501 0.766544 
8539.08 0.765434 
8577.15 0.764325 
8615.23 0.763216 
8653.31 0.762108 
8691.38 0.76099 
8729.46 0.759855 
8767.54 0.758721 
8805.61 0.757587 
8843.69 0.756454 
8881.76 0.755321 
8919.84 0.754188 
8957.92 0.753057 
8995.99 0.751925 
9034.07 0.750794 
9072.14 0.749664 
9110.22 0.748535 
9148.3 0.747406 
9186.37 0.746278 
9224.45 0.74515 
9262.53 0.744023 
9300.6 0.742897 
9338.68 0.741772 
9376.75 0.740647 
9414.83 0.739523 
9452.91 0.7384 
9490.98 0.737278 
9529.06 0.736157 
9567.13 0.734969 
9605.21 0.733607 
9643.29 0.732243 
9681.36 0.730877 
9719.44 0.72951 
9757.52 0.72814 
9795.59 0.726768 
9833.67 0.725395 
9871.74 0.724019 
9909.82 0.722641 
9947.9 0.721262 
9985.97 0.71988 
10024 0.718496 
10062.1 0.71711 
10100.2 0.715722 
10138.3 0.714332 
10176.4 0.712939 
10214.4 0.711482 
10252.5 0.709991 
10290.6 0.708496 
10328.7 0.706998 
10366.7 0.705496 
10404.8 0.703991 
10442.9 0.702481 
10481 0.700968 
10519 0.699451 
10557.1 0.69793 
10595.2 0.696404 
10633.3 0.694703 
10671.3 0.692978 
10709.4 0.691246 
10747.5 0.689505 
10785.6 0.687755 
10823.6 0.685996 
10861.7 0.684094 
10899.8 0.681908 
10937.9 0.678856 
10976 0.675659 
11014 0.671085 
11052.1 0.663361 
11090.2 0.65092 
11128.3 0.63303 
11166.3 0.609386 
11204.4 0.585657 
11242.5 0.563755 
11280.6 0.546945 
11318.6 0.536715 
11356.7 0.530658 
11394.8 0.528328 
11432.9 0.528453 
11470.9 0.52907 
11509 0.529266 
11547.1 0.529453 
11585.2 0.529211 
11623.2 0.528498 
11661.3 0.527782 
11699.4 0.527064 
11737.5 0.526343 
11775.6 0.525281 
11813.6 0.524016 
11851.7 0.522745 
11889.8 0.521471 
11927.9 0.520192 
11965.9 0.518907 
12004 0.517619 
12042.1 0.516325 
12080.2 0.51471 
12118.2 0.513012 
12156.3 0.511304 
12194.4 0.509586 
12232.5 0.507856 
12270.5 0.506116 
12308.6 0.504363 
12346.7 0.502305 
12384.8 0.500069 
12422.8 0.49781 
12460.9 0.495527 
12499 0.49322 
12537.1 0.490888 
12575.2 0.487981 
12613.2 0.483971 
12651.3 0.478347 
12689.4 0.472636 
12727.5 0.465741 
12765.5 0.454926 
12803.6 0.444113 
12841.7 0.433683 
12879.8 0.4244 
12917.8 0.415288 
12955.9 0.407545 
12994 0.404468 
13032.1 0.401517 
13070.1 0.398577 
13108.2 0.396756 
13146.3 0.394552 
13184.4 0.391664 
13222.4 0.388754 
13260.5 0.385822 
13298.6 0.380678 
13336.7 0.375365 
13374.7 0.370064 
13412.8 0.365602 
13450.9 0.361724 
13489 0.357875 
13527.1 0.354097 
13565.1 0.352964 
13603.2 0.35182 
13641.3 0.350666 
13679.4 0.3495 
13717.4 0.348009 
13755.5 0.346063 
13793.6 0.344099 
13831.7 0.342117 
13869.7 0.340116 
13907.8 0.338096 
13945.9 0.336051 
13984 0.333701 
14022 0.331322 
14060.1 0.328916 
14098.2 0.326481 
14136.3 0.324016 
14174.3 0.321521 
14212.4 0.318995 
14250.5 0.316437 
14288.6 0.313847 
14326.7 0.311098 
14364.7 0.308185 
14402.8 0.305233 
14440.9 0.302242 
14479 0.299211 
14517 0.29614 
14555.1 0.293029 
14593.2 0.289877 
14631.3 0.286684 
14669.3 0.283357 
14707.4 0.279916 
14745.5 0.276432 
14783.6 0.272906 
14821.6 0.269339 
14859.7 0.265732 
14897.8 0.262087 
14935.9 0.258405 
14973.9 0.254687 
15012 0.250938 
15050.1 0.247147 
15088.2 0.243208 
15126.3 0.239245 
15164.3 0.235261 
15202.4 0.231261 
15240.5 0.22725 
15278.6 0.223231 
15316.6 0.219211 
15354.7 0.215193 
15392.8 0.211183 
15430.9 0.207135 
15468.9 0.203048 
15507 0.198986 
15545.1 0.194956 
15583.2 0.190962 
15621.2 0.187008 
15659.3 0.183101 
15697.4 0.179243 
15735.5 0.175439 
15773.5 0.171691 
15811.6 0.168005 
15849.7 0.164381 
15887.8 0.160823 
15925.9 0.157332 
15963.9 0.153884 
16002 0.150462 
16040.1 0.147116 
16078.2 0.143844 
16116.2 0.140639 
16154.3 0.137487 
16192.4 0.134413 
16230.5 0.131417 
16268.5 0.128498 
16306.6 0.125655 
16344.7 0.122885 
16382.8 0.120188 
16420.8 0.117562 
16458.9 0.115006 
16497 0.112517 
16535.1 0.110095 
16573.1 0.107701 
16611.2 0.105369 
16649.3 0.1031 
16687.4 0.100893 
16725.5 0.0987451 
16763.5 0.0966554 
16801.6 0.0946221 
16839.7 0.0926432 
16877.8 0.0907173 
16915.8 0.0888427 
16953.9 0.0870179 
16992 0.0852414 
17030.1 0.0835116 
17068.1 0.081827 
17106.2 0.0801863 
17144.3 0.0785882 
17182.4 0.0770313 
17220.4 0.0755142 
17258.5 0.0740359 
17296.6 0.0725949 
17334.7 0.0711801 
17372.7 0.0697911 
17410.8 0.0684372 
17448.9 0.0671173 
17487 0.0658304 
17525.1 0.0645753 
17563.1 0.0633512 
17601.2 0.0621571 
17639.3 0.0609919 
17677.4 0.059855 
17715.4 0.0587455 
17753.5 0.0576623 
17791.6 0.056605 
17829.7 0.0555725 
17867.7 0.0545644 
17905.8 0.0535796 
17943.9 0.0526176 
17982 0.0516779 
18020 0.0507595 
18058.1 0.0498621 
18096.2 0.048985 
18134.3 0.0481276 
18172.3 0.0472893 
18210.4 0.046464 
18248.5 0.0456536 
18286.6 0.0448611 
18324.6 0.0440862 
18362.7 0.0433282 
18400.8 0.0425867 
18438.9 0.0418611 
18477 0.0411512 
18515 0.0404565 
18553.1 0.0397766 
18591.2 0.0391112 
18629.3 0.0384598 
18667.3 0.0378221 
18705.4 0.0371977 
18743.5 0.0365862 
18781.6 0.0359874 
18819.6 0.0354008 
18857.7 0.0348262 
18895.8 0.0342633 
18933.9 0.0337118 
18971.9 0.0331713 
19010 0.0326417 
19048.1 0.0321225 
19086.2 0.0316137 
19124.2 0.0311141 
19162.3 0.0306213 
19200.4 0.0301381 
19238.5 0.0296644 
19276.6 0.0291999 
19314.6 0.0287443 
19352.7 0.0282975 
19390.8 0.0278593 
19428.9 0.0274294 
19466.9 0.0270077 
19505 0.0265939 
19543.1 0.0261879 
19581.2 0.0257895 
19619.2 0.0253985 
19657.3 0.0250148 
19695.4 0.0246381 
19733.5 0.0242684 
19771.5 0.0239054 
19809.6 0.023549 
19847.7 0.0231991 
19885.8 0.0228555 
19923.8 0.022518 
19961.9 0.0221866 
20000 0.0218611 
