1000 0.951902 
1038.08 0.951787 
1076.15 0.951789 
1114.23 0.951908 
1152.3 0.951757 
1190.38 0.951347 
1228.46 0.951021 
1266.53 0.950778 
1304.61 0.95062 
1342.69 0.950546 
1380.76 0.950377 
1418.84 0.949732 
1456.91 0.94914 
1494.99 0.948602 
1533.07 0.94812 
1571.14 0.947695 
1609.22 0.94733 
1647.29 0.946631 
1685.37 0.945888 
1723.45 0.944789 
1761.52 0.943709 
1799.6 0.942543 
1837.68 0.940616 
1875.75 0.938636 
1913.83 0.935958 
1951.9 0.931962 
1989.98 0.92451 
2028.06 0.882175 
2066.13 0.816585 
2104.21 0.82488 
2142.28 0.820848 
2180.36 0.830187 
2218.44 0.835422 
2256.51 0.83887 
2294.59 0.841237 
2332.67 0.843494 
2370.74 0.845628 
2408.82 0.847555 
2446.89 0.84949 
2484.97 0.849135 
2523.05 0.843853 
2561.12 0.839908 
2599.2 0.845368 
2637.27 0.848799 
2675.35 0.851623 
2713.43 0.853223 
2751.5 0.854872 
2789.58 0.856282 
2827.66 0.85693 
2865.73 0.85686 
2903.81 0.854517 
2941.88 0.854768 
2979.96 0.856545 
3018.04 0.857403 
3056.11 0.858301 
3094.19 0.858732 
3132.26 0.858463 
3170.34 0.858065 
3208.42 0.858166 
3246.49 0.859092 
3284.57 0.859684 
3322.65 0.860308 
3360.72 0.860963 
3398.8 0.861544 
3436.87 0.861979 
3474.95 0.862448 
3513.03 0.86295 
3551.1 0.863485 
3589.18 0.86394 
3627.25 0.864379 
3665.33 0.864852 
3703.41 0.86536 
3741.48 0.865901 
3779.56 0.866048 
3817.64 0.866064 
3855.71 0.866103 
3893.79 0.866166 
3931.86 0.866253 
3969.94 0.866362 
4008.02 0.866495 
4046.09 0.8666 
4084.17 0.866679 
4122.24 0.866781 
4160.32 0.866907 
4198.4 0.867056 
4236.47 0.867229 
4274.55 0.867426 
4312.62 0.867645 
4350.7 0.86765 
4388.78 0.86748 
4426.85 0.867327 
4464.93 0.867189 
4503.01 0.867069 
4541.08 0.866964 
4579.16 0.866876 
4617.23 0.866805 
4655.31 0.866749 
4693.39 0.86671 
4731.46 0.866688 
4769.54 0.866628 
4807.62 0.866576 
4845.69 0.86654 
4883.77 0.866522 
4921.84 0.866397 
4959.92 0.866104 
4998 0.865822 
5036.07 0.865551 
5074.15 0.865292 
5112.22 0.865044 
5150.3 0.864807 
5188.38 0.864582 
5226.45 0.864368 
5264.53 0.864165 
5302.6 0.863943 
5340.68 0.863727 
5378.76 0.863522 
5416.83 0.863329 
5454.91 0.863147 
5492.99 0.862977 
5531.06 0.862709 
5569.14 0.862286 
5607.21 0.861871 
5645.29 0.861463 
5683.37 0.861062 
5721.44 0.860669 
5759.52 0.860284 
5797.6 0.859906 
5835.67 0.859535 
5873.75 0.859172 
5911.82 0.858808 
5949.9 0.858432 
5987.98 0.858064 
6026.05 0.857703 
6064.13 0.85735 
6102.2 0.857004 
6140.28 0.856667 
6178.36 0.856337 
6216.43 0.856015 
6254.51 0.855701 
6292.59 0.855395 
6330.66 0.855097 
6368.74 0.854807 
6406.81 0.854485 
6444.89 0.853944 
6482.97 0.853408 
6521.04 0.852876 
6559.12 0.852349 
6597.19 0.851826 
6635.27 0.851307 
6673.35 0.850793 
6711.42 0.850269 
6749.5 0.849747 
6787.58 0.849229 
6825.65 0.848716 
6863.73 0.848208 
6901.8 0.847704 
6939.88 0.847205 
6977.96 0.84671 
7016.03 0.84622 
7054.11 0.845735 
7092.18 0.845255 
7130.26 0.844779 
7168.34 0.844308 
7206.41 0.843843 
7244.49 0.843381 
7282.57 0.842925 
7320.64 0.842474 
7358.72 0.841824 
7396.79 0.841173 
7434.87 0.840524 
7472.95 0.839878 
7511.02 0.839234 
7549.1 0.838593 
7587.17 0.837954 
7625.25 0.837317 
7663.33 0.836678 
7701.4 0.83603 
7739.48 0.835385 
7777.55 0.834742 
7815.63 0.834102 
7853.71 0.833464 
7891.78 0.832829 
7929.86 0.832197 
7967.94 0.831567 
8006.01 0.830941 
8044.09 0.830317 
8082.16 0.829695 
8120.24 0.829077 
8158.32 0.828461 
8196.39 0.827849 
8234.47 0.827239 
8272.54 0.826632 
8310.62 0.826029 
8348.7 0.825349 
8386.77 0.82457 
8424.85 0.823792 
8462.93 0.823014 
8501 0.822238 
8539.08 0.821463 
8577.15 0.820688 
8615.23 0.819915 
8653.31 0.819143 
8691.38 0.818364 
8729.46 0.817572 
8767.54 0.816781 
8805.61 0.815992 
8843.69 0.815204 
8881.76 0.814417 
8919.84 0.813631 
8957.92 0.812846 
8995.99 0.812062 
9034.07 0.81128 
9072.14 0.810499 
9110.22 0.809719 
9148.3 0.808941 
9186.37 0.808164 
9224.45 0.807388 
9262.53 0.806614 
9300.6 0.805841 
9338.68 0.805069 
9376.75 0.804299 
9414.83 0.803531 
9452.91 0.802764 
9490.98 0.801998 
9529.06 0.801234 
9567.13 0.800417 
9605.21 0.799458 
9643.29 0.7985 
9681.36 0.797541 
9719.44 0.796582 
9757.52 0.795623 
9795.59 0.794663 
9833.67 0.793703 
9871.74 0.792743 
9909.82 0.791783 
9947.9 0.790822 
9985.97 0.789861 
10024 0.7889 
10062.1 0.787939 
10100.2 0.786978 
10138.3 0.786017 
10176.4 0.785056 
10214.4 0.784048 
10252.5 0.783018 
10290.6 0.781988 
10328.7 0.780957 
10366.7 0.779925 
10404.8 0.778893 
10442.9 0.777861 
10481 0.776828 
10519 0.775795 
10557.1 0.774761 
10595.2 0.773727 
10633.3 0.772571 
10671.3 0.771404 
10709.4 0.770235 
10747.5 0.769063 
10785.6 0.76789 
10823.6 0.766715 
10861.7 0.765448 
10899.8 0.763993 
10937.9 0.76186 
10976 0.759626 
11014 0.756387 
11052.1 0.750703 
11090.2 0.741317 
11128.3 0.727619 
11166.3 0.709273 
11204.4 0.690444 
11242.5 0.672716 
11280.6 0.658574 
11318.6 0.64986 
11356.7 0.644581 
11394.8 0.642476 
11432.9 0.642486 
11470.9 0.643103 
11509 0.643425 
11547.1 0.643738 
11585.2 0.643752 
11623.2 0.64344 
11661.3 0.643128 
11699.4 0.642814 
11737.5 0.642499 
11775.6 0.641955 
11813.6 0.641275 
11851.7 0.640595 
11889.8 0.639917 
11927.9 0.639239 
11965.9 0.638563 
12004 0.637887 
12042.1 0.637211 
12080.2 0.636331 
12118.2 0.635403 
12156.3 0.634475 
12194.4 0.633548 
12232.5 0.632622 
12270.5 0.631697 
12308.6 0.630771 
12346.7 0.629663 
12384.8 0.628455 
12422.8 0.627246 
12460.9 0.626035 
12499 0.624823 
12537.1 0.62361 
12575.2 0.622069 
12613.2 0.619737 
12651.3 0.616094 
12689.4 0.612418 
12727.5 0.607785 
12765.5 0.599845 
12803.6 0.591883 
12841.7 0.584049 
12879.8 0.576658 
12917.8 0.569343 
12955.9 0.562819 
12994 0.560468 
13032.1 0.558229 
13070.1 0.555996 
13108.2 0.554798 
13146.3 0.553531 
13184.4 0.551864 
13222.4 0.550193 
13260.5 0.548519 
13298.6 0.544835 
13336.7 0.54099 
13374.7 0.537148 
13412.8 0.533793 
13450.9 0.530777 
13489 0.527776 
13527.1 0.524831 
13565.1 0.524455 
13603.2 0.524076 
13641.3 0.523695 
13679.4 0.52331 
13717.4 0.52274 
13755.5 0.521917 
13793.6 0.521091 
13831.7 0.520264 
13869.7 0.519435 
13907.8 0.518605 
13945.9 0.517771 
13984 0.516845 
14022 0.515918 
14060.1 0.51499 
14098.2 0.51406 
14136.3 0.513128 
14174.3 0.512195 
14212.4 0.51126 
14250.5 0.510323 
14288.6 0.509385 
14326.7 0.508379 
14364.7 0.507306 
14402.8 0.50623 
14440.9 0.505152 
14479 0.504071 
14517 0.502987 
14555.1 0.5019 
14593.2 0.500811 
14631.3 0.499719 
14669.3 0.498578 
14707.4 0.497399 
14745.5 0.496216 
14783.6 0.49503 
14821.6 0.49384 
14859.7 0.492645 
14897.8 0.491447 
14935.9 0.490244 
14973.9 0.489037 
15012 0.487825 
15050.1 0.486604 
15088.2 0.48532 
15126.3 0.48403 
15164.3 0.482735 
15202.4 0.481435 
15240.5 0.480128 
15278.6 0.478815 
15316.6 0.477496 
15354.7 0.476171 
15392.8 0.474838 
15430.9 0.473473 
15468.9 0.47207 
15507 0.470659 
15545.1 0.46924 
15583.2 0.467812 
15621.2 0.466376 
15659.3 0.464931 
15697.4 0.463476 
15735.5 0.462012 
15773.5 0.460538 
15811.6 0.459054 
15849.7 0.45756 
15887.8 0.456054 
15925.9 0.454537 
15963.9 0.45299 
16002 0.451399 
16040.1 0.449794 
16078.2 0.448175 
16116.2 0.446491 
16154.3 0.444619 
16192.4 0.44273 
16230.5 0.440824 
16268.5 0.4389 
16306.6 0.436957 
16344.7 0.434995 
16382.8 0.433014 
16420.8 0.431012 
16458.9 0.428989 
16497 0.426944 
16535.1 0.424877 
16573.1 0.42274 
16611.2 0.420573 
16649.3 0.418381 
16687.4 0.416161 
16725.5 0.413913 
16763.5 0.411635 
16801.6 0.409328 
16839.7 0.406989 
16877.8 0.404618 
16915.8 0.402213 
16953.9 0.399774 
16992 0.397298 
17030.1 0.394785 
17068.1 0.392232 
17106.2 0.38964 
17144.3 0.387006 
17182.4 0.384328 
17220.4 0.381605 
17258.5 0.378836 
17296.6 0.376019 
17334.7 0.373122 
17372.7 0.370142 
17410.8 0.367106 
17448.9 0.364013 
17487 0.36086 
17525.1 0.357646 
17563.1 0.354368 
17601.2 0.351025 
17639.3 0.347614 
17677.4 0.344134 
17715.4 0.340583 
17753.5 0.33696 
17791.6 0.333262 
17829.7 0.32949 
17867.7 0.325641 
17905.8 0.321714 
17943.9 0.31771 
17982 0.313629 
18020 0.30947 
18058.1 0.305234 
18096.2 0.300925 
18134.3 0.296542 
18172.3 0.29209 
18210.4 0.28753 
18248.5 0.282882 
18286.6 0.278176 
18324.6 0.273418 
18362.7 0.268615 
18400.8 0.263775 
18438.9 0.2588 
18477 0.253812 
18515 0.248822 
18553.1 0.243841 
18591.2 0.238876 
18629.3 0.233938 
18667.3 0.229036 
18705.4 0.224178 
18743.5 0.219374 
18781.6 0.214629 
18819.6 0.209952 
18857.7 0.205349 
18895.8 0.200824 
18933.9 0.196382 
18971.9 0.192028 
19010 0.187763 
19048.1 0.183591 
19086.2 0.179513 
19124.2 0.175524 
19162.3 0.171601 
19200.4 0.167777 
19238.5 0.16405 
19276.6 0.160419 
19314.6 0.156884 
19352.7 0.153442 
19390.8 0.150094 
19428.9 0.146836 
19466.9 0.143666 
19505 0.140584 
19543.1 0.137586 
19581.2 0.13467 
19619.2 0.131834 
19657.3 0.129077 
19695.4 0.126395 
19733.5 0.123787 
19771.5 0.12125 
19809.6 0.118782 
19847.7 0.116381 
19885.8 0.114045 
19923.8 0.111772 
19961.9 0.109559 
20000 0.107406 
