1000 0.946036 
1038.08 0.945748 
1076.15 0.945581 
1114.23 0.945534 
1152.3 0.945189 
1190.38 0.944562 
1228.46 0.944018 
1266.53 0.943557 
1304.61 0.943182 
1342.69 0.942891 
1380.76 0.942492 
1418.84 0.941577 
1456.91 0.940712 
1494.99 0.939901 
1533.07 0.939143 
1571.14 0.93844 
1609.22 0.937795 
1647.29 0.936788 
1685.37 0.935727 
1723.45 0.934281 
1761.52 0.932849 
1799.6 0.93132 
1837.68 0.928971 
1875.75 0.926562 
1913.83 0.923402 
1951.9 0.91883 
1989.98 0.910565 
2028.06 0.865193 
2066.13 0.795565 
2104.21 0.804054 
2142.28 0.799535 
2180.36 0.809093 
2218.44 0.814312 
2256.51 0.817638 
2294.59 0.819817 
2332.67 0.821874 
2370.74 0.823794 
2408.82 0.825488 
2446.89 0.827185 
2484.97 0.82646 
2523.05 0.820547 
2561.12 0.816048 
2599.2 0.821432 
2637.27 0.824672 
2675.35 0.827267 
2713.43 0.828566 
2751.5 0.829912 
2789.58 0.830999 
2827.66 0.831279 
2865.73 0.830801 
2903.81 0.827933 
2941.88 0.827786 
2979.96 0.82923 
3018.04 0.829704 
3056.11 0.830214 
3094.19 0.830228 
3132.26 0.829504 
3170.34 0.828642 
3208.42 0.828298 
3246.49 0.828811 
3284.57 0.828967 
3322.65 0.829151 
3360.72 0.829361 
3398.8 0.829489 
3436.87 0.829458 
3474.95 0.829457 
3513.03 0.829486 
3551.1 0.829543 
3589.18 0.82951 
3627.25 0.829456 
3665.33 0.829432 
3703.41 0.829437 
3741.48 0.829473 
3779.56 0.829093 
3817.64 0.828572 
3855.71 0.828071 
3893.79 0.827589 
3931.86 0.827127 
3969.94 0.826683 
4008.02 0.826257 
4046.09 0.825799 
4084.17 0.825308 
4122.24 0.824836 
4160.32 0.824383 
4198.4 0.82395 
4236.47 0.823536 
4274.55 0.823141 
4312.62 0.822765 
4350.7 0.822163 
4388.78 0.821376 
4426.85 0.820601 
4464.93 0.819839 
4503.01 0.819089 
4541.08 0.818351 
4579.16 0.817625 
4617.23 0.816912 
4655.31 0.81621 
4693.39 0.815521 
4731.46 0.814843 
4769.54 0.814123 
4807.62 0.813406 
4845.69 0.812702 
4883.77 0.81201 
4921.84 0.811205 
4959.92 0.810225 
4998 0.809252 
5036.07 0.808286 
5074.15 0.807328 
5112.22 0.806377 
5150.3 0.805433 
5188.38 0.804497 
5226.45 0.803568 
5264.53 0.802646 
5302.6 0.801701 
5340.68 0.800757 
5378.76 0.79982 
5416.83 0.798892 
5454.91 0.79797 
5492.99 0.797057 
5531.06 0.79604 
5569.14 0.794865 
5607.21 0.793693 
5645.29 0.792525 
5683.37 0.791361 
5721.44 0.790201 
5759.52 0.789045 
5797.6 0.787893 
5835.67 0.786744 
5873.75 0.785599 
5911.82 0.784451 
5949.9 0.783286 
5987.98 0.782125 
6026.05 0.780969 
6064.13 0.779817 
6102.2 0.778668 
6140.28 0.777525 
6178.36 0.776385 
6216.43 0.77525 
6254.51 0.774119 
6292.59 0.772992 
6330.66 0.77187 
6368.74 0.770753 
6406.81 0.7696 
6444.89 0.768229 
6482.97 0.76686 
6521.04 0.765492 
6559.12 0.764126 
6597.19 0.762761 
6635.27 0.761397 
6673.35 0.760035 
6711.42 0.758661 
6749.5 0.757285 
6787.58 0.755911 
6825.65 0.754539 
6863.73 0.753169 
6901.8 0.751801 
6939.88 0.750434 
6977.96 0.749069 
7016.03 0.747706 
7054.11 0.746345 
7092.18 0.744986 
7130.26 0.743629 
7168.34 0.742274 
7206.41 0.740922 
7244.49 0.739571 
7282.57 0.738222 
7320.64 0.736876 
7358.72 0.735337 
7396.79 0.733794 
7434.87 0.732251 
7472.95 0.730709 
7511.02 0.729168 
7549.1 0.727626 
7587.17 0.726085 
7625.25 0.724544 
7663.33 0.722999 
7701.4 0.721444 
7739.48 0.719888 
7777.55 0.718334 
7815.63 0.71678 
7853.71 0.715227 
7891.78 0.713675 
7929.86 0.712123 
7967.94 0.710572 
8006.01 0.709022 
8044.09 0.707473 
8082.16 0.705925 
8120.24 0.704378 
8158.32 0.702832 
8196.39 0.701287 
8234.47 0.699744 
8272.54 0.698201 
8310.62 0.69666 
8348.7 0.695046 
8386.77 0.693339 
8424.85 0.691631 
8462.93 0.689923 
8501 0.688215 
8539.08 0.686507 
8577.15 0.684799 
8615.23 0.68309 
8653.31 0.681382 
8691.38 0.679667 
8729.46 0.677938 
8767.54 0.67621 
8805.61 0.674482 
8843.69 0.672754 
8881.76 0.671027 
8919.84 0.6693 
8957.92 0.667573 
8995.99 0.665847 
9034.07 0.664121 
9072.14 0.662395 
9110.22 0.66067 
9148.3 0.658946 
9186.37 0.657222 
9224.45 0.655499 
9262.53 0.653777 
9300.6 0.652055 
9338.68 0.650334 
9376.75 0.648614 
9414.83 0.646895 
9452.91 0.645177 
9490.98 0.64346 
9529.06 0.641743 
9567.13 0.639978 
9605.21 0.638087 
9643.29 0.636195 
9681.36 0.634304 
9719.44 0.632412 
9757.52 0.63052 
9795.59 0.628627 
9833.67 0.626735 
9871.74 0.624843 
9909.82 0.622951 
9947.9 0.621059 
9985.97 0.619167 
10024 0.617276 
10062.1 0.615384 
10100.2 0.613493 
10138.3 0.611602 
10176.4 0.609711 
10214.4 0.607779 
10252.5 0.605827 
10290.6 0.603875 
10328.7 0.601923 
10366.7 0.599971 
10404.8 0.59802 
10442.9 0.596068 
10481 0.594117 
10519 0.592166 
10557.1 0.590215 
10595.2 0.588264 
10633.3 0.586205 
10671.3 0.584136 
10709.4 0.582065 
10747.5 0.579994 
10785.6 0.577922 
10823.6 0.575849 
10861.7 0.573693 
10899.8 0.571369 
10937.9 0.568466 
10976 0.565479 
11014 0.561619 
11052.1 0.555675 
11090.2 0.546597 
11128.3 0.533892 
11166.3 0.517323 
11204.4 0.500511 
11242.5 0.484776 
11280.6 0.472229 
11318.6 0.464222 
11356.7 0.459084 
11394.8 0.456555 
11432.9 0.45575 
11470.9 0.455393 
11509 0.454777 
11547.1 0.454152 
11585.2 0.453266 
11623.2 0.452099 
11661.3 0.45093 
11699.4 0.449761 
11737.5 0.448591 
11775.6 0.447223 
11813.6 0.445738 
11851.7 0.444254 
11889.8 0.442772 
11927.9 0.441291 
11965.9 0.439811 
12004 0.438333 
12042.1 0.436856 
12080.2 0.435203 
12118.2 0.43351 
12156.3 0.431818 
12194.4 0.430128 
12232.5 0.428439 
12270.5 0.426751 
12308.6 0.425064 
12346.7 0.423221 
12384.8 0.421293 
12422.8 0.419365 
12460.9 0.417437 
12499 0.415508 
12537.1 0.413578 
12575.2 0.411367 
12613.2 0.408523 
12651.3 0.404665 
12689.4 0.400786 
12727.5 0.396176 
12765.5 0.38904 
12803.6 0.381917 
12841.7 0.374953 
12879.8 0.368454 
12917.8 0.362048 
12955.9 0.356338 
12994 0.353769 
13032.1 0.351289 
13070.1 0.348822 
13108.2 0.347125 
13146.3 0.345329 
13184.4 0.343202 
13222.4 0.341076 
13260.5 0.33895 
13298.6 0.335354 
13336.7 0.331652 
13374.7 0.327965 
13412.8 0.324694 
13450.9 0.321715 
13489 0.318757 
13527.1 0.315849 
13565.1 0.314783 
13603.2 0.313716 
13641.3 0.312647 
13679.4 0.311576 
13717.4 0.310356 
13755.5 0.308928 
13793.6 0.3075 
13831.7 0.306072 
13869.7 0.304644 
13907.8 0.303216 
13945.9 0.301787 
13984 0.300265 
14022 0.298743 
14060.1 0.29722 
14098.2 0.295696 
14136.3 0.294172 
14174.3 0.292647 
14212.4 0.291121 
14250.5 0.289595 
14288.6 0.288067 
14326.7 0.286485 
14364.7 0.284847 
14402.8 0.283207 
14440.9 0.281565 
14479 0.279921 
14517 0.278275 
14555.1 0.276626 
14593.2 0.274975 
14631.3 0.273321 
14669.3 0.271627 
14707.4 0.2699 
14745.5 0.268169 
14783.6 0.266434 
14821.6 0.264696 
14859.7 0.262952 
14897.8 0.261204 
14935.9 0.259451 
14973.9 0.257693 
15012 0.255929 
15050.1 0.254156 
15088.2 0.252327 
15126.3 0.250491 
15164.3 0.248648 
15202.4 0.246798 
15240.5 0.244939 
15278.6 0.243072 
15316.6 0.241197 
15354.7 0.239312 
15392.8 0.237417 
15430.9 0.23549 
15468.9 0.233525 
15507 0.231549 
15545.1 0.229561 
15583.2 0.227559 
15621.2 0.225544 
15659.3 0.223515 
15697.4 0.221472 
15735.5 0.219413 
15773.5 0.217339 
15811.6 0.215248 
15849.7 0.21314 
15887.8 0.211014 
15925.9 0.208869 
15963.9 0.206689 
16002 0.204458 
16040.1 0.202206 
16078.2 0.199931 
16116.2 0.197605 
16154.3 0.195161 
16192.4 0.192695 
16230.5 0.190205 
16268.5 0.187692 
16306.6 0.185156 
16344.7 0.182595 
16382.8 0.18001 
16420.8 0.177402 
16458.9 0.17477 
16497 0.172115 
16535.1 0.169436 
16573.1 0.166693 
16611.2 0.163923 
16649.3 0.161132 
16687.4 0.158322 
16725.5 0.155495 
16763.5 0.152652 
16801.6 0.149796 
16839.7 0.146929 
16877.8 0.144056 
16915.8 0.141177 
16953.9 0.138298 
16992 0.135422 
17030.1 0.132553 
17068.1 0.129694 
17106.2 0.126849 
17144.3 0.124024 
17182.4 0.121221 
17220.4 0.118444 
17258.5 0.115698 
17296.6 0.112986 
17334.7 0.110291 
17372.7 0.107618 
17410.8 0.10499 
17448.9 0.102409 
17487 0.0998778 
17525.1 0.0973977 
17563.1 0.0949709 
17601.2 0.0925983 
17639.3 0.0902807 
17677.4 0.0880188 
17715.4 0.0858131 
17753.5 0.0836632 
17791.6 0.0815692 
17829.7 0.0795307 
17867.7 0.0775472 
17905.8 0.0756177 
17943.9 0.0737416 
17982 0.0719181 
18020 0.0701457 
18058.1 0.0684237 
18096.2 0.0667508 
18134.3 0.0651257 
18172.3 0.0635473 
18210.4 0.062004 
18248.5 0.0604993 
18286.6 0.0590384 
18324.6 0.0576202 
18362.7 0.0562431 
18400.8 0.0549059 
18438.9 0.0536032 
18477 0.0523383 
18515 0.0511103 
18553.1 0.0499179 
18591.2 0.0487598 
18629.3 0.0476349 
18667.3 0.0465422 
18705.4 0.0454804 
18743.5 0.0444486 
18781.6 0.0434457 
18819.6 0.0424709 
18857.7 0.041523 
18895.8 0.0406013 
18933.9 0.0397049 
18971.9 0.0388328 
19010 0.0379844 
19048.1 0.0371588 
19086.2 0.0363553 
19124.2 0.0355721 
19162.3 0.0348052 
19200.4 0.0340586 
19238.5 0.0333317 
19276.6 0.0326237 
19314.6 0.0319341 
19352.7 0.0312623 
19390.8 0.0306078 
19428.9 0.0299699 
19466.9 0.0293482 
19505 0.0287422 
19543.1 0.0281513 
19581.2 0.0275752 
19619.2 0.0270133 
19657.3 0.0264652 
19695.4 0.0259306 
19733.5 0.025409 
19771.5 0.0248999 
19809.6 0.0244032 
19847.7 0.0239183 
19885.8 0.0234449 
19923.8 0.0229828 
19961.9 0.0225315 
20000 0.0220908 
