1000 0.940621 
1038.08 0.94018 
1076.15 0.939862 
1114.23 0.939666 
1152.3 0.939149 
1190.38 0.938327 
1228.46 0.937588 
1266.53 0.936934 
1304.61 0.936365 
1342.69 0.935881 
1380.76 0.935277 
1418.84 0.93412 
1456.91 0.933012 
1494.99 0.931956 
1533.07 0.930952 
1571.14 0.930002 
1609.22 0.929109 
1647.29 0.927826 
1685.37 0.926482 
1723.45 0.924725 
1761.52 0.922979 
1799.6 0.921125 
1837.68 0.918399 
1875.75 0.915604 
1913.83 0.91201 
1951.9 0.906918 
1989.98 0.897914 
2028.06 0.849753 
2066.13 0.776484 
2104.21 0.785163 
2142.28 0.780223 
2180.36 0.789992 
2218.44 0.79521 
2256.51 0.79844 
2294.59 0.800464 
2332.67 0.802354 
2370.74 0.804097 
2408.82 0.805595 
2446.89 0.807091 
2484.97 0.806048 
2523.05 0.799582 
2561.12 0.794604 
2599.2 0.799935 
2637.27 0.80302 
2675.35 0.805426 
2713.43 0.806472 
2751.5 0.807562 
2789.58 0.808378 
2827.66 0.808346 
2865.73 0.807519 
2903.81 0.8042 
2941.88 0.803715 
2979.96 0.804882 
3018.04 0.805032 
3056.11 0.805215 
3094.19 0.804878 
3132.26 0.803768 
3170.34 0.802514 
3208.42 0.801795 
3246.49 0.801961 
3284.57 0.801752 
3322.65 0.801567 
3360.72 0.801405 
3398.8 0.801154 
3436.87 0.800733 
3474.95 0.80034 
3513.03 0.799973 
3551.1 0.799632 
3589.18 0.799193 
3627.25 0.798728 
3665.33 0.798291 
3703.41 0.79788 
3741.48 0.797496 
3779.56 0.796679 
3817.64 0.795714 
3855.71 0.794765 
3893.79 0.793833 
3931.86 0.792917 
3969.94 0.792017 
4008.02 0.791133 
4046.09 0.790211 
4084.17 0.789252 
4122.24 0.78831 
4160.32 0.787384 
4198.4 0.786474 
4236.47 0.785581 
4274.55 0.784704 
4312.62 0.783844 
4350.7 0.782748 
4388.78 0.78146 
4426.85 0.780182 
4464.93 0.778914 
4503.01 0.777655 
4541.08 0.776406 
4579.16 0.775167 
4617.23 0.773937 
4655.31 0.772716 
4693.39 0.771506 
4731.46 0.770305 
4769.54 0.769057 
4807.62 0.76781 
4845.69 0.766572 
4883.77 0.765345 
4921.84 0.764001 
4959.92 0.762476 
4998 0.760957 
5036.07 0.759443 
5074.15 0.757934 
5112.22 0.75643 
5150.3 0.754932 
5188.38 0.753438 
5226.45 0.75195 
5264.53 0.750468 
5302.6 0.748958 
5340.68 0.747449 
5378.76 0.745945 
5416.83 0.744446 
5454.91 0.742954 
5492.99 0.741467 
5531.06 0.739874 
5569.14 0.738121 
5607.21 0.73637 
5645.29 0.734621 
5683.37 0.732875 
5721.44 0.73113 
5759.52 0.729389 
5797.6 0.72765 
5835.67 0.725913 
5873.75 0.724179 
5911.82 0.722439 
5949.9 0.720682 
5987.98 0.718927 
6026.05 0.717176 
6064.13 0.715427 
6102.2 0.713682 
6140.28 0.711939 
6178.36 0.710199 
6216.43 0.708463 
6254.51 0.70673 
6292.59 0.705 
6330.66 0.703273 
6368.74 0.701549 
6406.81 0.69979 
6444.89 0.697816 
6482.97 0.695842 
6521.04 0.693869 
6559.12 0.691897 
6597.19 0.689926 
6635.27 0.687956 
6673.35 0.685987 
6711.42 0.684005 
6749.5 0.682022 
6787.58 0.680041 
6825.65 0.67806 
6863.73 0.676081 
6901.8 0.674104 
6939.88 0.672128 
6977.96 0.670153 
7016.03 0.668181 
7054.11 0.66621 
7092.18 0.664241 
7130.26 0.662273 
7168.34 0.660308 
7206.41 0.658345 
7244.49 0.656383 
7282.57 0.654424 
7320.64 0.652467 
7358.72 0.650324 
7396.79 0.648178 
7434.87 0.646033 
7472.95 0.643889 
7511.02 0.641746 
7549.1 0.639603 
7587.17 0.637462 
7625.25 0.635321 
7663.33 0.633177 
7701.4 0.631023 
7739.48 0.628871 
7777.55 0.62672 
7815.63 0.62457 
7853.71 0.622422 
7891.78 0.620275 
7929.86 0.61813 
7967.94 0.615986 
8006.01 0.613845 
8044.09 0.611705 
8082.16 0.609567 
8120.24 0.607431 
8158.32 0.605297 
8196.39 0.603165 
8234.47 0.601035 
8272.54 0.598907 
8310.62 0.596782 
8348.7 0.59459 
8386.77 0.592312 
8424.85 0.590034 
8462.93 0.587758 
8501 0.585484 
8539.08 0.583211 
8577.15 0.58094 
8615.23 0.57867 
8653.31 0.576402 
8691.38 0.574129 
8729.46 0.571846 
8767.54 0.569564 
8805.61 0.567285 
8843.69 0.565007 
8881.76 0.562732 
8919.84 0.560459 
8957.92 0.558188 
8995.99 0.55592 
9034.07 0.553654 
9072.14 0.55139 
9110.22 0.549129 
9148.3 0.546871 
9186.37 0.544615 
9224.45 0.542362 
9262.53 0.540112 
9300.6 0.537865 
9338.68 0.53562 
9376.75 0.533378 
9414.83 0.53114 
9452.91 0.528905 
9490.98 0.526672 
9529.06 0.524443 
9567.13 0.522172 
9605.21 0.519788 
9643.29 0.517406 
9681.36 0.515028 
9719.44 0.512651 
9757.52 0.510277 
9795.59 0.507906 
9833.67 0.505538 
9871.74 0.503173 
9909.82 0.50081 
9947.9 0.49845 
9985.97 0.496094 
10024 0.49374 
10062.1 0.491389 
10100.2 0.489042 
10138.3 0.486697 
10176.4 0.484356 
10214.4 0.481979 
10252.5 0.479587 
10290.6 0.477198 
10328.7 0.474811 
10366.7 0.472428 
10404.8 0.470048 
10442.9 0.467671 
10481 0.465297 
10519 0.462926 
10557.1 0.460559 
10595.2 0.458195 
10633.3 0.455733 
10671.3 0.453264 
10709.4 0.450797 
10747.5 0.448333 
10785.6 0.44587 
10823.6 0.443409 
10861.7 0.440874 
10899.8 0.438185 
10937.9 0.434991 
10976 0.431726 
11014 0.42768 
11052.1 0.42181 
11090.2 0.413215 
11128.3 0.401489 
11166.3 0.386468 
11204.4 0.371405 
11242.5 0.357419 
11280.6 0.346363 
11318.6 0.339193 
11356.7 0.334476 
11394.8 0.331951 
11432.9 0.330864 
11470.9 0.330097 
11509 0.329099 
11547.1 0.328094 
11585.2 0.326856 
11623.2 0.325366 
11661.3 0.323878 
11699.4 0.322391 
11737.5 0.320906 
11775.6 0.319245 
11813.6 0.317481 
11851.7 0.315721 
11889.8 0.313964 
11927.9 0.312211 
11965.9 0.310462 
12004 0.308716 
12042.1 0.306974 
12080.2 0.305076 
12118.2 0.303143 
12156.3 0.301214 
12194.4 0.299289 
12232.5 0.297366 
12270.5 0.295447 
12308.6 0.293531 
12346.7 0.291475 
12384.8 0.289343 
12422.8 0.287213 
12460.9 0.285083 
12499 0.282954 
12537.1 0.280825 
12575.2 0.278439 
12613.2 0.275522 
12651.3 0.271798 
12689.4 0.268059 
12727.5 0.263744 
12765.5 0.25745 
12803.6 0.251192 
12841.7 0.245128 
12879.8 0.239576 
12917.8 0.234132 
12955.9 0.229339 
12994 0.226957 
13032.1 0.224651 
13070.1 0.222362 
13108.2 0.220656 
13146.3 0.218819 
13184.4 0.216688 
13222.4 0.214561 
13260.5 0.212438 
13298.6 0.209222 
13336.7 0.205941 
13374.7 0.202683 
13412.8 0.199805 
13450.9 0.197196 
13489 0.194612 
13527.1 0.192077 
13565.1 0.190873 
13603.2 0.18967 
13641.3 0.188468 
13679.4 0.187267 
13717.4 0.185936 
13755.5 0.184424 
13793.6 0.182913 
13831.7 0.181405 
13869.7 0.179898 
13907.8 0.178392 
13945.9 0.176887 
13984 0.175281 
14022 0.173676 
14060.1 0.172071 
14098.2 0.170465 
14136.3 0.16886 
14174.3 0.167254 
14212.4 0.165648 
14250.5 0.164042 
14288.6 0.162435 
14326.7 0.160778 
14364.7 0.159071 
14402.8 0.157362 
14440.9 0.155651 
14479 0.153938 
14517 0.152221 
14555.1 0.150502 
14593.2 0.148779 
14631.3 0.147053 
14669.3 0.145288 
14707.4 0.143493 
14745.5 0.141693 
14783.6 0.139888 
14821.6 0.138078 
14859.7 0.136262 
14897.8 0.13444 
14935.9 0.132613 
14973.9 0.13078 
15012 0.12894 
15050.1 0.12709 
15088.2 0.125189 
15126.3 0.12328 
15164.3 0.121365 
15202.4 0.119442 
15240.5 0.117513 
15278.6 0.115578 
15316.6 0.113636 
15354.7 0.111689 
15392.8 0.109737 
15430.9 0.107759 
15468.9 0.105753 
15507 0.103745 
15545.1 0.101734 
15583.2 0.0997216 
15621.2 0.0977101 
15659.3 0.0957004 
15697.4 0.0936941 
15735.5 0.0916931 
15773.5 0.0896992 
15811.6 0.0877141 
15849.7 0.0857402 
15887.8 0.0837794 
15925.9 0.0818338 
15963.9 0.0798926 
16002 0.0779493 
16040.1 0.0760285 
16078.2 0.0741324 
16116.2 0.0722558 
16154.3 0.070386 
16192.4 0.06855 
16230.5 0.0667491 
16268.5 0.0649847 
16306.6 0.0632578 
16344.7 0.0615692 
16382.8 0.0599195 
16420.8 0.0583093 
16458.9 0.0567389 
16497 0.0552083 
16535.1 0.0537175 
16573.1 0.0522472 
16611.2 0.0508157 
16649.3 0.0494243 
16687.4 0.0480726 
16725.5 0.0467598 
16763.5 0.0454854 
16801.6 0.0442486 
16839.7 0.0430484 
16877.8 0.0418841 
16915.8 0.0407548 
16953.9 0.0396595 
16992 0.0385974 
17030.1 0.0375676 
17068.1 0.0365689 
17106.2 0.0356006 
17144.3 0.0346617 
17182.4 0.0337514 
17220.4 0.0328687 
17258.5 0.0320127 
17296.6 0.0311825 
17334.7 0.0303726 
17372.7 0.0295825 
17410.8 0.0288164 
17448.9 0.0280735 
17487 0.027353 
17525.1 0.0266541 
17563.1 0.0259762 
17601.2 0.0253184 
17639.3 0.0246801 
17677.4 0.0240607 
17715.4 0.0234595 
17753.5 0.0228758 
17791.6 0.0223092 
17829.7 0.0217589 
17867.7 0.0212245 
17905.8 0.0207054 
17943.9 0.0202012 
17982 0.0197112 
18020 0.0192351 
18058.1 0.0187723 
18096.2 0.0183226 
18134.3 0.0178852 
18172.3 0.0174601 
18210.4 0.0170443 
18248.5 0.0166387 
18286.6 0.0162443 
18324.6 0.0158606 
18362.7 0.0154875 
18400.8 0.0151244 
18438.9 0.0147709 
18477 0.0144269 
18515 0.0140921 
18553.1 0.0137663 
18591.2 0.0134491 
18629.3 0.0131403 
18667.3 0.0128396 
18705.4 0.0125468 
18743.5 0.0122616 
18781.6 0.0119838 
18819.6 0.0117132 
18857.7 0.0114495 
18895.8 0.0111925 
18933.9 0.0109421 
18971.9 0.010698 
19010 0.0104601 
19048.1 0.0102282 
19086.2 0.0100021 
19124.2 0.00978132 
19162.3 0.00956504 
19200.4 0.00935414 
19238.5 0.00914845 
19276.6 0.00894784 
19314.6 0.00875215 
19352.7 0.00856124 
19390.8 0.00837499 
19428.9 0.00819326 
19466.9 0.00801592 
19505 0.00784285 
19543.1 0.00767393 
19581.2 0.00750905 
19619.2 0.0073481 
19657.3 0.00719097 
19695.4 0.00703755 
19733.5 0.00688775 
19771.5 0.00674147 
19809.6 0.00659861 
19847.7 0.00645908 
19885.8 0.0063228 
19923.8 0.00618968 
19961.9 0.00605963 
20000 0.00593258 
