1000 0.941875 
1038.08 0.941671 
1076.15 0.941603 
1114.23 0.941672 
1152.3 0.941416 
1190.38 0.940853 
1228.46 0.940386 
1266.53 0.940016 
1304.61 0.939743 
1342.69 0.939568 
1380.76 0.939276 
1418.84 0.938419 
1456.91 0.937622 
1494.99 0.936887 
1533.07 0.936215 
1571.14 0.935609 
1609.22 0.935069 
1647.29 0.934133 
1685.37 0.933141 
1723.45 0.931727 
1761.52 0.930331 
1799.6 0.928831 
1837.68 0.926427 
1875.75 0.923958 
1913.83 0.920659 
1951.9 0.915798 
1989.98 0.906847 
2028.06 0.856946 
2066.13 0.780985 
2104.21 0.790477 
2142.28 0.78578 
2180.36 0.796429 
2218.44 0.802343 
2256.51 0.806193 
2294.59 0.808794 
2332.67 0.811266 
2370.74 0.813595 
2408.82 0.815677 
2446.89 0.817767 
2484.97 0.8172 
2523.05 0.810944 
2561.12 0.806258 
2599.2 0.812414 
2637.27 0.816221 
2675.35 0.819325 
2713.43 0.821009 
2751.5 0.822748 
2789.58 0.824209 
2827.66 0.824782 
2865.73 0.824524 
2903.81 0.821636 
2941.88 0.821756 
2979.96 0.823632 
3018.04 0.824441 
3056.11 0.825293 
3094.19 0.825602 
3132.26 0.825097 
3170.34 0.824446 
3208.42 0.824373 
3246.49 0.825251 
3284.57 0.825736 
3322.65 0.826256 
3360.72 0.82681 
3398.8 0.827276 
3436.87 0.82757 
3474.95 0.8279 
3513.03 0.828268 
3551.1 0.828671 
3589.18 0.828978 
3627.25 0.829265 
3665.33 0.829589 
3703.41 0.829951 
3741.48 0.83035 
3779.56 0.830289 
3817.64 0.830076 
3855.71 0.829887 
3893.79 0.829724 
3931.86 0.829585 
3969.94 0.829471 
4008.02 0.829382 
4046.09 0.829258 
4084.17 0.829102 
4122.24 0.82897 
4160.32 0.828864 
4198.4 0.828782 
4236.47 0.828726 
4274.55 0.828695 
4312.62 0.828689 
4350.7 0.828432 
4388.78 0.827971 
4426.85 0.827527 
4464.93 0.827099 
4503.01 0.826689 
4541.08 0.826296 
4579.16 0.825919 
4617.23 0.825559 
4655.31 0.825217 
4693.39 0.824891 
4731.46 0.824582 
4769.54 0.824227 
4807.62 0.82388 
4845.69 0.823549 
4883.77 0.823237 
4921.84 0.822799 
4959.92 0.822165 
4998 0.821543 
5036.07 0.820931 
5074.15 0.820331 
5112.22 0.819742 
5150.3 0.819165 
5188.38 0.818598 
5226.45 0.818043 
5264.53 0.817499 
5302.6 0.81693 
5340.68 0.816366 
5378.76 0.815813 
5416.83 0.815272 
5454.91 0.814742 
5492.99 0.814225 
5531.06 0.813591 
5569.14 0.812779 
5607.21 0.811973 
5645.29 0.811174 
5683.37 0.810382 
5721.44 0.809596 
5759.52 0.808818 
5797.6 0.808046 
5835.67 0.807282 
5873.75 0.806524 
5911.82 0.805764 
5949.9 0.804988 
5987.98 0.804218 
6026.05 0.803456 
6064.13 0.802701 
6102.2 0.801953 
6140.28 0.801213 
6178.36 0.80048 
6216.43 0.799754 
6254.51 0.799036 
6292.59 0.798326 
6330.66 0.797622 
6368.74 0.796927 
6406.81 0.796193 
6444.89 0.795207 
6482.97 0.794224 
6521.04 0.793245 
6559.12 0.792269 
6597.19 0.791297 
6635.27 0.790328 
6673.35 0.789363 
6711.42 0.788385 
6749.5 0.787408 
6787.58 0.786434 
6825.65 0.785464 
6863.73 0.784498 
6901.8 0.783536 
6939.88 0.782578 
6977.96 0.781624 
7016.03 0.780673 
7054.11 0.779727 
7092.18 0.778785 
7130.26 0.777847 
7168.34 0.776913 
7206.41 0.775983 
7244.49 0.775057 
7282.57 0.774136 
7320.64 0.773219 
7358.72 0.772073 
7396.79 0.770925 
7434.87 0.769778 
7472.95 0.768632 
7511.02 0.767488 
7549.1 0.766346 
7587.17 0.765205 
7625.25 0.764066 
7663.33 0.762923 
7701.4 0.761767 
7739.48 0.760613 
7777.55 0.759461 
7815.63 0.758311 
7853.71 0.757162 
7891.78 0.756016 
7929.86 0.754871 
7967.94 0.753728 
8006.01 0.752587 
8044.09 0.751448 
8082.16 0.750312 
8120.24 0.749177 
8158.32 0.748044 
8196.39 0.746914 
8234.47 0.745786 
8272.54 0.74466 
8310.62 0.743536 
8348.7 0.742325 
8386.77 0.740998 
8424.85 0.739672 
8462.93 0.738345 
8501 0.737019 
8539.08 0.735692 
8577.15 0.734366 
8615.23 0.73304 
8653.31 0.731714 
8691.38 0.730378 
8729.46 0.729026 
8767.54 0.727675 
8805.61 0.726323 
8843.69 0.724972 
8881.76 0.72362 
8919.84 0.722269 
8957.92 0.720919 
8995.99 0.719568 
9034.07 0.718218 
9072.14 0.716868 
9110.22 0.715519 
9148.3 0.71417 
9186.37 0.712821 
9224.45 0.711473 
9262.53 0.710125 
9300.6 0.708778 
9338.68 0.707431 
9376.75 0.706085 
9414.83 0.70474 
9452.91 0.703395 
9490.98 0.702051 
9529.06 0.700707 
9567.13 0.6993 
9605.21 0.697727 
9643.29 0.696153 
9681.36 0.694576 
9719.44 0.692998 
9757.52 0.691419 
9795.59 0.689837 
9833.67 0.688253 
9871.74 0.686668 
9909.82 0.685081 
9947.9 0.683492 
9985.97 0.681901 
10024 0.680309 
10062.1 0.678714 
10100.2 0.677118 
10138.3 0.675519 
10176.4 0.673919 
10214.4 0.672258 
10252.5 0.670565 
10290.6 0.668869 
10328.7 0.66717 
10366.7 0.665468 
10404.8 0.663762 
10442.9 0.662053 
10481 0.660341 
10519 0.658626 
10557.1 0.656906 
10595.2 0.655184 
10633.3 0.653296 
10671.3 0.651387 
10709.4 0.649471 
10747.5 0.647548 
10785.6 0.645617 
10823.6 0.643677 
10861.7 0.641605 
10899.8 0.639267 
10937.9 0.636118 
10976 0.632835 
11014 0.628266 
11052.1 0.62075 
11090.2 0.608829 
11128.3 0.591824 
11166.3 0.569456 
11204.4 0.547029 
11242.5 0.526327 
11280.6 0.510395 
11318.6 0.500615 
11356.7 0.494732 
11394.8 0.492328 
11432.9 0.492212 
11470.9 0.492553 
11509 0.492502 
11547.1 0.492441 
11585.2 0.49198 
11623.2 0.491081 
11661.3 0.49018 
11699.4 0.489276 
11737.5 0.48837 
11775.6 0.487148 
11813.6 0.485737 
11851.7 0.484322 
11889.8 0.482904 
11927.9 0.481482 
11965.9 0.480056 
12004 0.478626 
12042.1 0.477192 
12080.2 0.475462 
12118.2 0.473657 
12156.3 0.471843 
12194.4 0.47002 
12232.5 0.468188 
12270.5 0.466347 
12308.6 0.464496 
12346.7 0.462364 
12384.8 0.46007 
12422.8 0.457757 
12460.9 0.455424 
12499 0.453069 
12537.1 0.450693 
12575.2 0.447791 
12613.2 0.44388 
12651.3 0.438493 
12689.4 0.43303 
12727.5 0.426489 
12765.5 0.416366 
12803.6 0.406254 
12841.7 0.396503 
12879.8 0.387809 
12917.8 0.37928 
12955.9 0.372009 
12994 0.369002 
13032.1 0.366113 
13070.1 0.363236 
13108.2 0.36138 
13146.3 0.359178 
13184.4 0.356354 
13222.4 0.353513 
13260.5 0.350655 
13298.6 0.34579 
13336.7 0.340776 
13374.7 0.335778 
13412.8 0.331545 
13450.9 0.327847 
13489 0.324177 
13527.1 0.320575 
13565.1 0.31937 
13603.2 0.318157 
13641.3 0.316934 
13679.4 0.315702 
13717.4 0.314176 
13755.5 0.312242 
13793.6 0.310293 
13831.7 0.30833 
13869.7 0.306351 
13907.8 0.304356 
13945.9 0.302341 
13984 0.300053 
14022 0.297742 
14060.1 0.295408 
14098.2 0.29305 
14136.3 0.290667 
14174.3 0.28826 
14212.4 0.285827 
14250.5 0.283368 
14288.6 0.280883 
14326.7 0.278258 
14364.7 0.275489 
14402.8 0.272688 
14440.9 0.269854 
14479 0.266988 
14517 0.26409 
14555.1 0.261158 
14593.2 0.258193 
14631.3 0.255195 
14669.3 0.25208 
14707.4 0.248868 
14745.5 0.24562 
14783.6 0.24234 
14821.6 0.239026 
14859.7 0.23568 
14897.8 0.232303 
14935.9 0.228898 
14973.9 0.225466 
15012 0.222009 
15050.1 0.218519 
15088.2 0.214902 
15126.3 0.211268 
15164.3 0.20762 
15202.4 0.203962 
15240.5 0.200298 
15278.6 0.196632 
15316.6 0.192968 
15354.7 0.189311 
15392.8 0.185665 
15430.9 0.18199 
15468.9 0.178285 
15507 0.174607 
15545.1 0.170961 
15583.2 0.16735 
15621.2 0.16378 
15659.3 0.160254 
15697.4 0.156775 
15735.5 0.153348 
15773.5 0.149975 
15811.6 0.146659 
15849.7 0.143402 
15887.8 0.140205 
15925.9 0.137072 
15963.9 0.133979 
16002 0.130914 
16040.1 0.127917 
16078.2 0.124989 
16116.2 0.122123 
16154.3 0.119306 
16192.4 0.116561 
16230.5 0.113886 
16268.5 0.111282 
16306.6 0.108746 
16344.7 0.106277 
16382.8 0.103874 
16420.8 0.101536 
16458.9 0.0992602 
16497 0.0970463 
16535.1 0.0948923 
16573.1 0.0927655 
16611.2 0.0906944 
16649.3 0.0886804 
16687.4 0.0867219 
16725.5 0.0848172 
16763.5 0.0829647 
16801.6 0.081163 
16839.7 0.0794102 
16877.8 0.0777052 
16915.8 0.0760463 
16953.9 0.0744322 
16992 0.0728614 
17030.1 0.0713326 
17068.1 0.0698443 
17106.2 0.0683955 
17144.3 0.0669849 
17182.4 0.0656113 
17220.4 0.0642733 
17258.5 0.0629701 
17296.6 0.0617003 
17334.7 0.0604545 
17372.7 0.0592323 
17410.8 0.0580414 
17448.9 0.056881 
17487 0.05575 
17525.1 0.0546475 
17563.1 0.0535726 
17601.2 0.0525246 
17639.3 0.0515024 
17677.4 0.0505055 
17715.4 0.049533 
17753.5 0.048584 
17791.6 0.047658 
17829.7 0.0467543 
17867.7 0.0458722 
17905.8 0.045011 
17943.9 0.0441701 
17982 0.043349 
18020 0.0425469 
18058.1 0.0417635 
18096.2 0.0409982 
18134.3 0.0402503 
18172.3 0.0395195 
18210.4 0.0388006 
18248.5 0.0380951 
18286.6 0.0374056 
18324.6 0.0367316 
18362.7 0.0360727 
18400.8 0.0354284 
18438.9 0.0347982 
18477 0.0341819 
18515 0.0335792 
18553.1 0.0329896 
18591.2 0.0324128 
18629.3 0.0318484 
18667.3 0.0312961 
18705.4 0.0307556 
18743.5 0.0302266 
18781.6 0.0297088 
18819.6 0.0292019 
18857.7 0.0287055 
18895.8 0.0282195 
18933.9 0.0277435 
18971.9 0.0272773 
19010 0.0268207 
19048.1 0.0263733 
19086.2 0.0259351 
19124.2 0.0255051 
19162.3 0.0250812 
19200.4 0.0246659 
19238.5 0.0242588 
19276.6 0.0238599 
19314.6 0.023469 
19352.7 0.0230857 
19390.8 0.02271 
19428.9 0.0223416 
19466.9 0.0219804 
19505 0.0216262 
19543.1 0.0212788 
19581.2 0.0209381 
19619.2 0.020604 
19657.3 0.0202762 
19695.4 0.0199546 
19733.5 0.0196391 
19771.5 0.0193296 
19809.6 0.0190258 
19847.7 0.0187277 
19885.8 0.0184352 
19923.8 0.018148 
19961.9 0.0178662 
20000 0.0175895 
