1000 0.927485 
1038.08 0.927225 
1076.15 0.927135 
1114.23 0.927213 
1152.3 0.926889 
1190.38 0.926184 
1228.46 0.925597 
1266.53 0.925129 
1304.61 0.924782 
1342.69 0.924556 
1380.76 0.924186 
1418.84 0.923113 
1456.91 0.922114 
1494.99 0.921191 
1533.07 0.920346 
1571.14 0.919582 
1609.22 0.918901 
1647.29 0.917725 
1685.37 0.916478 
1723.45 0.914707 
1761.52 0.912958 
1799.6 0.911079 
1837.68 0.908073 
1875.75 0.904983 
1913.83 0.900861 
1951.9 0.894791 
1989.98 0.883634 
2028.06 0.8222 
2066.13 0.731268 
2104.21 0.742688 
2142.28 0.737235 
2180.36 0.749945 
2218.44 0.756995 
2256.51 0.761581 
2294.59 0.764676 
2332.67 0.76762 
2370.74 0.770394 
2408.82 0.772858 
2446.89 0.775336 
2484.97 0.77461 
2523.05 0.767077 
2561.12 0.76148 
2599.2 0.768843 
2637.27 0.773385 
2675.35 0.777085 
2713.43 0.779073 
2751.5 0.78113 
2789.58 0.782851 
2827.66 0.783497 
2865.73 0.783143 
2903.81 0.779627 
2941.88 0.779751 
2979.96 0.781983 
3018.04 0.782921 
3056.11 0.783912 
3094.19 0.784241 
3132.26 0.783588 
3170.34 0.78277 
3208.42 0.782655 
3246.49 0.783684 
3284.57 0.784233 
3322.65 0.784824 
3360.72 0.785456 
3398.8 0.785981 
3436.87 0.786296 
3474.95 0.786656 
3513.03 0.787061 
3551.1 0.78751 
3589.18 0.78784 
3627.25 0.788146 
3665.33 0.788497 
3703.41 0.788895 
3741.48 0.789337 
3779.56 0.789222 
3817.64 0.788921 
3855.71 0.788649 
3893.79 0.788408 
3931.86 0.788198 
3969.94 0.788017 
4008.02 0.787866 
4046.09 0.787673 
4084.17 0.787438 
4122.24 0.787234 
4160.32 0.787061 
4198.4 0.786918 
4236.47 0.786806 
4274.55 0.786725 
4312.62 0.786675 
4350.7 0.786317 
4388.78 0.78571 
4426.85 0.785123 
4464.93 0.784557 
4503.01 0.784012 
4541.08 0.783487 
4579.16 0.782982 
4617.23 0.782498 
4655.31 0.782035 
4693.39 0.781593 
4731.46 0.781171 
4769.54 0.780692 
4807.62 0.78022 
4845.69 0.77977 
4883.77 0.779342 
4921.84 0.77876 
4959.92 0.777938 
4998 0.777129 
5036.07 0.776334 
5074.15 0.775552 
5112.22 0.774784 
5150.3 0.77403 
5188.38 0.773289 
5226.45 0.772562 
5264.53 0.771848 
5302.6 0.771103 
5340.68 0.770363 
5378.76 0.769637 
5416.83 0.768925 
5454.91 0.768227 
5492.99 0.767544 
5531.06 0.766718 
5569.14 0.76567 
5607.21 0.764631 
5645.29 0.763599 
5683.37 0.762576 
5721.44 0.761561 
5759.52 0.760554 
5797.6 0.759555 
5835.67 0.758565 
5873.75 0.757583 
5911.82 0.756597 
5949.9 0.755589 
5987.98 0.754589 
6026.05 0.753599 
6064.13 0.752617 
6102.2 0.751643 
6140.28 0.750679 
6178.36 0.749723 
6216.43 0.748776 
6254.51 0.747838 
6292.59 0.74691 
6330.66 0.74599 
6368.74 0.74508 
6406.81 0.744122 
6444.89 0.742848 
6482.97 0.741577 
6521.04 0.740311 
6559.12 0.739048 
6597.19 0.737789 
6635.27 0.736534 
6673.35 0.735282 
6711.42 0.734013 
6749.5 0.732743 
6787.58 0.731477 
6825.65 0.730215 
6863.73 0.728957 
6901.8 0.727703 
6939.88 0.726454 
6977.96 0.725209 
7016.03 0.723967 
7054.11 0.722731 
7092.18 0.721498 
7130.26 0.72027 
7168.34 0.719047 
7206.41 0.717828 
7244.49 0.716614 
7282.57 0.715404 
7320.64 0.714199 
7358.72 0.712702 
7396.79 0.7112 
7434.87 0.709698 
7472.95 0.708197 
7511.02 0.706697 
7549.1 0.705197 
7587.17 0.703697 
7625.25 0.702198 
7663.33 0.700691 
7701.4 0.699165 
7739.48 0.69764 
7777.55 0.696115 
7815.63 0.69459 
7853.71 0.693065 
7891.78 0.691541 
7929.86 0.690018 
7967.94 0.688495 
8006.01 0.686972 
8044.09 0.68545 
8082.16 0.683928 
8120.24 0.682406 
8158.32 0.680885 
8196.39 0.679364 
8234.47 0.677844 
8272.54 0.676324 
8310.62 0.674804 
8348.7 0.673167 
8386.77 0.671375 
8424.85 0.669579 
8462.93 0.667779 
8501 0.665975 
8539.08 0.664167 
8577.15 0.662355 
8615.23 0.660539 
8653.31 0.658719 
8691.38 0.656879 
8729.46 0.655008 
8767.54 0.653132 
8805.61 0.65125 
8843.69 0.649362 
8881.76 0.647469 
8919.84 0.645569 
8957.92 0.643664 
8995.99 0.641752 
9034.07 0.639833 
9072.14 0.637907 
9110.22 0.635974 
9148.3 0.634033 
9186.37 0.632085 
9224.45 0.630128 
9262.53 0.628163 
9300.6 0.62619 
9338.68 0.624207 
9376.75 0.622214 
9414.83 0.620212 
9452.91 0.618199 
9490.98 0.616175 
9529.06 0.61414 
9567.13 0.611996 
9605.21 0.609589 
9643.29 0.607162 
9681.36 0.604713 
9719.44 0.602242 
9757.52 0.599748 
9795.59 0.597229 
9833.67 0.594684 
9871.74 0.592112 
9909.82 0.589511 
9947.9 0.586881 
9985.97 0.584218 
10024 0.581521 
10062.1 0.578789 
10100.2 0.576019 
10138.3 0.573208 
10176.4 0.570356 
10214.4 0.56732 
10252.5 0.564161 
10290.6 0.560939 
10328.7 0.557649 
10366.7 0.554287 
10404.8 0.550847 
10442.9 0.547322 
10481 0.543706 
10519 0.53999 
10557.1 0.536166 
10595.2 0.532225 
10633.3 0.52766 
10671.3 0.522866 
10709.4 0.517859 
10747.5 0.512617 
10785.6 0.50711 
10823.6 0.501304 
10861.7 0.494665 
10899.8 0.486495 
10937.9 0.476254 
10976 0.464972 
11014 0.448708 
11052.1 0.425246 
11090.2 0.393408 
11128.3 0.354889 
11166.3 0.313737 
11204.4 0.283663 
11242.5 0.261762 
11280.6 0.250991 
11318.6 0.244777 
11356.7 0.241994 
11394.8 0.241578 
11432.9 0.242631 
11470.9 0.24214 
11509 0.240696 
11547.1 0.239226 
11585.2 0.236756 
11623.2 0.23318 
11661.3 0.229585 
11699.4 0.225976 
11737.5 0.222356 
11775.6 0.217957 
11813.6 0.213113 
11851.7 0.208293 
11889.8 0.203507 
11927.9 0.198761 
11965.9 0.194064 
12004 0.189425 
12042.1 0.184849 
12080.2 0.179726 
12118.2 0.174567 
12156.3 0.169526 
12194.4 0.164609 
12232.5 0.15982 
12270.5 0.155164 
12308.6 0.15064 
12346.7 0.14581 
12384.8 0.140918 
12422.8 0.136206 
12460.9 0.131672 
12499 0.127311 
12537.1 0.12312 
12575.2 0.118497 
12613.2 0.113627 
12651.3 0.108911 
12689.4 0.104454 
12727.5 0.100183 
12765.5 0.0959757 
12803.6 0.0920252 
12841.7 0.088673 
12879.8 0.0864657 
12917.8 0.0843453 
12955.9 0.0829394 
12994 0.0818127 
13032.1 0.0807104 
13070.1 0.0796278 
13108.2 0.0785993 
13146.3 0.0771962 
13184.4 0.0755154 
13222.4 0.0738812 
13260.5 0.072292 
13298.6 0.0706307 
13336.7 0.069013 
13374.7 0.0674468 
13412.8 0.0662301 
13450.9 0.0652436 
13489 0.0642774 
13527.1 0.0633324 
13565.1 0.062496 
13603.2 0.061672 
13641.3 0.0608605 
13679.4 0.0600611 
13717.4 0.0591768 
13755.5 0.058176 
13793.6 0.0571958 
13831.7 0.0562358 
13869.7 0.0552956 
13907.8 0.0543745 
13945.9 0.0534702 
13984 0.0524778 
14022 0.0515081 
14060.1 0.0505604 
14098.2 0.0496341 
14136.3 0.0487288 
14174.3 0.0478438 
14212.4 0.0469786 
14250.5 0.0461328 
14288.6 0.0453057 
14326.7 0.044473 
14364.7 0.0436359 
14402.8 0.0428183 
14440.9 0.0420196 
14479 0.0412393 
14517 0.0404768 
14555.1 0.0397318 
14593.2 0.0390036 
14631.3 0.0382919 
14669.3 0.037583 
14707.4 0.0368805 
14745.5 0.0361942 
14783.6 0.0355236 
14821.6 0.0348683 
14859.7 0.0342278 
14897.8 0.0336018 
14935.9 0.0329898 
14973.9 0.0323915 
15012 0.0318064 
15050.1 0.0312331 
15088.2 0.0306601 
15126.3 0.0300999 
15164.3 0.0295522 
15202.4 0.0290166 
15240.5 0.0284929 
15278.6 0.0279807 
15316.6 0.0274796 
15354.7 0.0269895 
15392.8 0.02651 
15430.9 0.0260364 
15468.9 0.0255681 
15507 0.02511 
15545.1 0.0246619 
15583.2 0.0242234 
15621.2 0.0237943 
15659.3 0.0233744 
15697.4 0.0229633 
15735.5 0.022561 
15773.5 0.0221672 
15811.6 0.0217816 
15849.7 0.0214041 
15887.8 0.0210344 
15925.9 0.0206724 
15963.9 0.0203157 
16002 0.0199628 
16040.1 0.0196172 
16078.2 0.0192787 
16116.2 0.0189473 
16154.3 0.018623 
16192.4 0.0183052 
16230.5 0.0179939 
16268.5 0.0176889 
16306.6 0.0173901 
16344.7 0.0170972 
16382.8 0.0168101 
16420.8 0.0165288 
16458.9 0.016253 
16497 0.0159827 
16535.1 0.0157177 
16573.1 0.0154546 
16611.2 0.0151964 
16649.3 0.0149432 
16687.4 0.014695 
16725.5 0.0144516 
16763.5 0.014213 
16801.6 0.013979 
16839.7 0.0137495 
16877.8 0.0135244 
16915.8 0.0133036 
16953.9 0.013087 
16992 0.0128745 
17030.1 0.012666 
17068.1 0.0124615 
17106.2 0.0122608 
17144.3 0.0120638 
17182.4 0.0118706 
17220.4 0.0116809 
17258.5 0.0114947 
17296.6 0.0113119 
17334.7 0.0111315 
17372.7 0.0109533 
17410.8 0.0107784 
17448.9 0.0106067 
17487 0.0104381 
17525.1 0.0102727 
17563.1 0.0101102 
17601.2 0.00995073 
17639.3 0.00979411 
17677.4 0.00964032 
17715.4 0.00948931 
17753.5 0.00934098 
17791.6 0.00919531 
17829.7 0.00905224 
17867.7 0.00891171 
17905.8 0.00877366 
17943.9 0.00863805 
17982 0.00850483 
18020 0.00837394 
18058.1 0.00824534 
18096.2 0.00811899 
18134.3 0.00799482 
18172.3 0.00787281 
18210.4 0.00775223 
18248.5 0.00763331 
18286.6 0.00751645 
18324.6 0.00740163 
18362.7 0.00728877 
18400.8 0.00717785 
18438.9 0.00706896 
18477 0.00696192 
18515 0.00685671 
18553.1 0.00675328 
18591.2 0.00665161 
18629.3 0.00655165 
18667.3 0.00645339 
18705.4 0.00635677 
18743.5 0.00626177 
18781.6 0.00616836 
18819.6 0.0060765 
18857.7 0.00598618 
18895.8 0.00589736 
18933.9 0.00581 
18971.9 0.00572409 
19010 0.00563959 
19048.1 0.00555648 
19086.2 0.00547473 
19124.2 0.00539423 
19162.3 0.00531462 
19200.4 0.00523632 
19238.5 0.0051593 
19276.6 0.00508353 
19314.6 0.005009 
19352.7 0.00493567 
19390.8 0.00486353 
19428.9 0.00479256 
19466.9 0.00472273 
19505 0.00465402 
19543.1 0.00458642 
19581.2 0.00451989 
19619.2 0.00445443 
19657.3 0.00439001 
19695.4 0.00432662 
19733.5 0.00426423 
19771.5 0.00420283 
19809.6 0.0041424 
19847.7 0.00408292 
19885.8 0.00402438 
19923.8 0.00396676 
19961.9 0.00391004 
20000 0.00385421 
