1000 0.937549 
1038.08 0.937011 
1076.15 0.936596 
1114.23 0.936305 
1152.3 0.935679 
1190.38 0.934735 
1228.46 0.933875 
1266.53 0.933099 
1304.61 0.932408 
1342.69 0.931801 
1380.76 0.931068 
1418.84 0.929762 
1456.91 0.928504 
1494.99 0.927296 
1533.07 0.926139 
1571.14 0.925036 
1609.22 0.923988 
1647.29 0.922535 
1685.37 0.921017 
1723.45 0.919072 
1761.52 0.917135 
1799.6 0.915085 
1837.68 0.912135 
1875.75 0.909111 
1913.83 0.905264 
1951.9 0.899875 
1989.98 0.890464 
2028.06 0.840871 
2066.13 0.765785 
2104.21 0.774526 
2142.28 0.769351 
2180.36 0.779188 
2218.44 0.784368 
2256.51 0.787514 
2294.59 0.789424 
2332.67 0.791195 
2370.74 0.792813 
2408.82 0.794175 
2446.89 0.795533 
2484.97 0.794294 
2523.05 0.787523 
2561.12 0.782274 
2599.2 0.787534 
2637.27 0.790499 
2675.35 0.792767 
2713.43 0.793645 
2751.5 0.794565 
2789.58 0.795203 
2827.66 0.794973 
2865.73 0.793932 
2903.81 0.790351 
2941.88 0.789656 
2979.96 0.790638 
3018.04 0.790583 
3056.11 0.790558 
3094.19 0.790002 
3132.26 0.788657 
3170.34 0.787165 
3208.42 0.786215 
3246.49 0.786162 
3284.57 0.785725 
3322.65 0.785309 
3360.72 0.784916 
3398.8 0.784428 
3436.87 0.783767 
3474.95 0.78313 
3513.03 0.782519 
3551.1 0.781931 
3589.18 0.781242 
3627.25 0.780524 
3665.33 0.779832 
3703.41 0.779165 
3741.48 0.778523 
3779.56 0.77744 
3817.64 0.776206 
3855.71 0.774987 
3893.79 0.773782 
3931.86 0.772592 
3969.94 0.771417 
4008.02 0.770255 
4046.09 0.769054 
4084.17 0.767814 
4122.24 0.766588 
4160.32 0.765378 
4198.4 0.764182 
4236.47 0.763002 
4274.55 0.761836 
4312.62 0.760684 
4350.7 0.759294 
4388.78 0.75771 
4426.85 0.756134 
4464.93 0.754566 
4503.01 0.753007 
4541.08 0.751456 
4579.16 0.749914 
4617.23 0.74838 
4655.31 0.746854 
4693.39 0.745337 
4731.46 0.743828 
4769.54 0.742271 
4807.62 0.740713 
4845.69 0.739164 
4883.77 0.737625 
4921.84 0.735966 
4959.92 0.734127 
4998 0.732291 
5036.07 0.73046 
5074.15 0.728634 
5112.22 0.726812 
5150.3 0.724994 
5188.38 0.723181 
5226.45 0.721372 
5264.53 0.719568 
5302.6 0.717736 
5340.68 0.715904 
5378.76 0.714076 
5416.83 0.712253 
5454.91 0.710435 
5492.99 0.708623 
5531.06 0.706704 
5569.14 0.704626 
5607.21 0.702549 
5645.29 0.700475 
5683.37 0.698403 
5721.44 0.696332 
5759.52 0.694264 
5797.6 0.692198 
5835.67 0.690134 
5873.75 0.688073 
5911.82 0.686006 
5949.9 0.683921 
5987.98 0.681839 
6026.05 0.67976 
6064.13 0.677683 
6102.2 0.675609 
6140.28 0.673539 
6178.36 0.671471 
6216.43 0.669406 
6254.51 0.667344 
6292.59 0.665286 
6330.66 0.663231 
6368.74 0.661179 
6406.81 0.659092 
6444.89 0.656794 
6482.97 0.654498 
6521.04 0.652202 
6559.12 0.649908 
6597.19 0.647615 
6635.27 0.645324 
6673.35 0.643034 
6711.42 0.640732 
6749.5 0.63843 
6787.58 0.636129 
6825.65 0.63383 
6863.73 0.631533 
6901.8 0.629238 
6939.88 0.626946 
6977.96 0.624655 
7016.03 0.622367 
7054.11 0.620081 
7092.18 0.617798 
7130.26 0.615518 
7168.34 0.613239 
7206.41 0.610964 
7244.49 0.608691 
7282.57 0.606422 
7320.64 0.604155 
7358.72 0.601709 
7396.79 0.599262 
7434.87 0.596817 
7472.95 0.594373 
7511.02 0.591932 
7549.1 0.589492 
7587.17 0.587055 
7625.25 0.58462 
7663.33 0.582183 
7701.4 0.579737 
7739.48 0.577294 
7777.55 0.574854 
7815.63 0.572417 
7853.71 0.569982 
7891.78 0.56755 
7929.86 0.565121 
7967.94 0.562695 
8006.01 0.560272 
8044.09 0.557853 
8082.16 0.555437 
8120.24 0.553024 
8158.32 0.550614 
8196.39 0.548208 
8234.47 0.545806 
8272.54 0.543407 
8310.62 0.541012 
8348.7 0.538556 
8386.77 0.536018 
8424.85 0.533484 
8462.93 0.530953 
8501 0.528426 
8539.08 0.525901 
8577.15 0.523381 
8615.23 0.520863 
8653.31 0.51835 
8691.38 0.515833 
8729.46 0.513308 
8767.54 0.510787 
8805.61 0.50827 
8843.69 0.505757 
8881.76 0.503248 
8919.84 0.500744 
8957.92 0.498243 
8995.99 0.495747 
9034.07 0.493256 
9072.14 0.490768 
9110.22 0.488286 
9148.3 0.485808 
9186.37 0.483334 
9224.45 0.480866 
9262.53 0.478402 
9300.6 0.475943 
9338.68 0.473489 
9376.75 0.47104 
9414.83 0.468597 
9452.91 0.466158 
9490.98 0.463725 
9529.06 0.461297 
9567.13 0.458832 
9605.21 0.456264 
9643.29 0.4537 
9681.36 0.451142 
9719.44 0.448589 
9757.52 0.446041 
9795.59 0.443498 
9833.67 0.44096 
9871.74 0.438427 
9909.82 0.4359 
9947.9 0.433377 
9985.97 0.43086 
10024 0.428349 
10062.1 0.425843 
10100.2 0.423342 
10138.3 0.420847 
10176.4 0.418358 
10214.4 0.415838 
10252.5 0.413305 
10290.6 0.410778 
10328.7 0.408256 
10366.7 0.40574 
10404.8 0.403229 
10442.9 0.400724 
10481 0.398224 
10519 0.39573 
10557.1 0.393241 
10595.2 0.390758 
10633.3 0.388185 
10671.3 0.385608 
10709.4 0.383036 
10747.5 0.380468 
10785.6 0.377904 
10823.6 0.375344 
10861.7 0.372716 
10899.8 0.369944 
10937.9 0.366715 
10976 0.363423 
11014 0.359411 
11052.1 0.353741 
11090.2 0.345604 
11128.3 0.334645 
11166.3 0.320741 
11204.4 0.306903 
11242.5 0.294129 
11280.6 0.284102 
11318.6 0.277556 
11356.7 0.273206 
11394.8 0.270797 
11432.9 0.269652 
11470.9 0.268757 
11509 0.267649 
11547.1 0.266536 
11585.2 0.265209 
11623.2 0.26365 
11661.3 0.262094 
11699.4 0.260542 
11737.5 0.258993 
11775.6 0.257282 
11813.6 0.255478 
11851.7 0.25368 
11889.8 0.251886 
11927.9 0.250098 
11965.9 0.248315 
12004 0.246537 
12042.1 0.244765 
12080.2 0.242848 
12118.2 0.240902 
12156.3 0.23896 
12194.4 0.237023 
12232.5 0.235091 
12270.5 0.233163 
12308.6 0.231239 
12346.7 0.229185 
12384.8 0.227061 
12422.8 0.224939 
12460.9 0.222818 
12499 0.220699 
12537.1 0.21858 
12575.2 0.216219 
12613.2 0.213386 
12651.3 0.209865 
12689.4 0.206331 
12727.5 0.202311 
12765.5 0.196628 
12803.6 0.190995 
12841.7 0.185575 
12879.8 0.180689 
12917.8 0.175918 
12955.9 0.171765 
12994 0.169603 
13032.1 0.167509 
13070.1 0.165434 
13108.2 0.163835 
13146.3 0.162089 
13184.4 0.160074 
13222.4 0.158065 
13260.5 0.156061 
13298.6 0.15318 
13336.7 0.150256 
13374.7 0.147361 
13412.8 0.144822 
13450.9 0.142533 
13489 0.140274 
13527.1 0.13806 
13565.1 0.136889 
13603.2 0.135721 
13641.3 0.134555 
13679.4 0.133392 
13717.4 0.132111 
13755.5 0.130667 
13793.6 0.129226 
13831.7 0.127788 
13869.7 0.126353 
13907.8 0.12492 
13945.9 0.123489 
13984 0.121956 
14022 0.120424 
14060.1 0.118893 
14098.2 0.117363 
14136.3 0.115834 
14174.3 0.114306 
14212.4 0.112779 
14250.5 0.111252 
14288.6 0.109726 
14326.7 0.108157 
14364.7 0.106543 
14402.8 0.104929 
14440.9 0.103315 
14479 0.101701 
14517 0.100087 
14555.1 0.0984729 
14593.2 0.0968587 
14631.3 0.0952448 
14669.3 0.0936003 
14707.4 0.0919327 
14745.5 0.090266 
14783.6 0.0886004 
14821.6 0.0869365 
14859.7 0.0852747 
14897.8 0.0836158 
14935.9 0.0819604 
14973.9 0.0803092 
15012 0.0786632 
15050.1 0.0770197 
15088.2 0.0753457 
15126.3 0.0736803 
15164.3 0.0720247 
15202.4 0.07038 
15240.5 0.0687478 
15278.6 0.0671294 
15316.6 0.0655262 
15354.7 0.0639397 
15392.8 0.0623713 
15430.9 0.0608072 
15468.9 0.0592474 
15507 0.0577109 
15545.1 0.056199 
15583.2 0.0547127 
15621.2 0.0532534 
15659.3 0.0518219 
15697.4 0.0504191 
15735.5 0.049046 
15773.5 0.047703 
15811.6 0.0463905 
15849.7 0.0451092 
15887.8 0.043859 
15925.9 0.0426403 
15963.9 0.0414459 
16002 0.0402714 
16040.1 0.0391291 
16078.2 0.0380187 
16116.2 0.0369379 
16154.3 0.0358823 
16192.4 0.0348585 
16230.5 0.0338657 
16268.5 0.0329032 
16306.6 0.0319703 
16344.7 0.0310661 
16382.8 0.03019 
16420.8 0.0293412 
16458.9 0.0285188 
16497 0.0277221 
16535.1 0.0269503 
16573.1 0.0261938 
16611.2 0.0254604 
16649.3 0.0247503 
16687.4 0.0240627 
16725.5 0.0233967 
16763.5 0.0227518 
16801.6 0.0221271 
16839.7 0.0215219 
16877.8 0.0209357 
16915.8 0.0203678 
16953.9 0.0198174 
16992 0.0192841 
17030.1 0.0187672 
17068.1 0.0182662 
17106.2 0.0177804 
17144.3 0.0173095 
17182.4 0.0168528 
17220.4 0.0164099 
17258.5 0.0159803 
17296.6 0.0155635 
17334.7 0.0151569 
17372.7 0.0147604 
17410.8 0.0143757 
17448.9 0.0140025 
17487 0.0136403 
17525.1 0.0132887 
17563.1 0.0129475 
17601.2 0.0126162 
17639.3 0.0122945 
17677.4 0.0119821 
17715.4 0.0116787 
17753.5 0.0113839 
17791.6 0.0110976 
17829.7 0.0108194 
17867.7 0.010549 
17905.8 0.0102862 
17943.9 0.0100308 
17982 0.00978258 
18020 0.00954117 
18058.1 0.00930644 
18096.2 0.00907819 
18134.3 0.00885616 
18172.3 0.0086402 
18210.4 0.00842909 
18248.5 0.00822311 
18286.6 0.00802271 
18324.6 0.00782776 
18362.7 0.00763806 
18400.8 0.00745344 
18438.9 0.00727375 
18477 0.00709884 
18515 0.00692858 
18553.1 0.00676284 
18591.2 0.00660147 
18629.3 0.00644433 
18667.3 0.00629132 
18705.4 0.0061423 
18743.5 0.00599715 
18781.6 0.00585577 
18819.6 0.00571803 
18857.7 0.00558383 
18895.8 0.00545308 
18933.9 0.00532567 
18971.9 0.0052015 
19010 0.00508048 
19048.1 0.00496253 
19086.2 0.00484755 
19124.2 0.00473535 
19162.3 0.0046255 
19200.4 0.00451842 
19238.5 0.00441402 
19276.6 0.00431222 
19314.6 0.00421296 
19352.7 0.00411616 
19390.8 0.00402176 
19428.9 0.00392969 
19466.9 0.00383989 
19505 0.00375229 
19543.1 0.00366684 
19581.2 0.00358347 
19619.2 0.00350213 
19657.3 0.00342276 
19695.4 0.00334532 
19733.5 0.00326975 
19771.5 0.003196 
19809.6 0.00312403 
19847.7 0.00305378 
19885.8 0.00298521 
19923.8 0.00291828 
19961.9 0.00285294 
20000 0.00278915 
