1000 0.953665 
1038.08 0.953418 
1076.15 0.953275 
1114.23 0.953235 
1152.3 0.952939 
1190.38 0.9524 
1228.46 0.951932 
1266.53 0.951537 
1304.61 0.951214 
1342.69 0.950965 
1380.76 0.950623 
1418.84 0.949836 
1456.91 0.949092 
1494.99 0.948394 
1533.07 0.947743 
1571.14 0.947139 
1609.22 0.946585 
1647.29 0.94572 
1685.37 0.944808 
1723.45 0.943564 
1761.52 0.942333 
1799.6 0.941017 
1837.68 0.938997 
1875.75 0.936924 
1913.83 0.934205 
1951.9 0.930269 
1989.98 0.92315 
2028.06 0.883852 
2066.13 0.822764 
2104.21 0.830205 
2142.28 0.826191 
2180.36 0.834595 
2218.44 0.839185 
2256.51 0.842109 
2294.59 0.844026 
2332.67 0.845833 
2370.74 0.847521 
2408.82 0.849013 
2446.89 0.850506 
2484.97 0.84988 
2523.05 0.844698 
2561.12 0.840743 
2599.2 0.84547 
2637.27 0.848317 
2675.35 0.850597 
2713.43 0.851743 
2751.5 0.852928 
2789.58 0.853888 
2827.66 0.854141 
2865.73 0.853731 
2903.81 0.851225 
2941.88 0.851099 
2979.96 0.852368 
3018.04 0.85279 
3056.11 0.853242 
3094.19 0.853263 
3132.26 0.852636 
3170.34 0.851887 
3208.42 0.851589 
3246.49 0.852042 
3284.57 0.852185 
3322.65 0.852352 
3360.72 0.852542 
3398.8 0.852659 
3436.87 0.852639 
3474.95 0.852644 
3513.03 0.852675 
3551.1 0.852731 
3589.18 0.852708 
3627.25 0.852667 
3665.33 0.852652 
3703.41 0.852662 
3741.48 0.852699 
3779.56 0.852372 
3817.64 0.851923 
3855.71 0.851491 
3893.79 0.851075 
3931.86 0.850676 
3969.94 0.850293 
4008.02 0.849927 
4046.09 0.849531 
4084.17 0.849107 
4122.24 0.8487 
4160.32 0.84831 
4198.4 0.847936 
4236.47 0.847579 
4274.55 0.847238 
4312.62 0.846914 
4350.7 0.846392 
4388.78 0.84571 
4426.85 0.845037 
4464.93 0.844376 
4503.01 0.843724 
4541.08 0.843084 
4579.16 0.842454 
4617.23 0.841834 
4655.31 0.841224 
4693.39 0.840625 
4731.46 0.840037 
4769.54 0.839411 
4807.62 0.838788 
4845.69 0.838175 
4883.77 0.837574 
4921.84 0.836873 
4959.92 0.836019 
4998 0.835172 
5036.07 0.834331 
5074.15 0.833496 
5112.22 0.832667 
5150.3 0.831844 
5188.38 0.831027 
5226.45 0.830217 
5264.53 0.829413 
5302.6 0.828588 
5340.68 0.827764 
5378.76 0.826947 
5416.83 0.826136 
5454.91 0.825332 
5492.99 0.824534 
5531.06 0.823645 
5569.14 0.822618 
5607.21 0.821594 
5645.29 0.820574 
5683.37 0.819556 
5721.44 0.818541 
5759.52 0.81753 
5797.6 0.816521 
5835.67 0.815516 
5873.75 0.814514 
5911.82 0.813508 
5949.9 0.812488 
5987.98 0.811472 
6026.05 0.810458 
6064.13 0.809448 
6102.2 0.808442 
6140.28 0.807439 
6178.36 0.806439 
6216.43 0.805443 
6254.51 0.80445 
6292.59 0.803461 
6330.66 0.802475 
6368.74 0.801493 
6406.81 0.80048 
6444.89 0.799277 
6482.97 0.798074 
6521.04 0.796873 
6559.12 0.795672 
6597.19 0.794473 
6635.27 0.793274 
6673.35 0.792076 
6711.42 0.790868 
6749.5 0.789658 
6787.58 0.788449 
6825.65 0.787241 
6863.73 0.786035 
6901.8 0.78483 
6939.88 0.783626 
6977.96 0.782423 
7016.03 0.781222 
7054.11 0.780021 
7092.18 0.778822 
7130.26 0.777625 
7168.34 0.776429 
7206.41 0.775234 
7244.49 0.774041 
7282.57 0.772849 
7320.64 0.771659 
7358.72 0.7703 
7396.79 0.768938 
7434.87 0.767576 
7472.95 0.766214 
7511.02 0.764852 
7549.1 0.763489 
7587.17 0.762127 
7625.25 0.760764 
7663.33 0.759398 
7701.4 0.758021 
7739.48 0.756645 
7777.55 0.755269 
7815.63 0.753894 
7853.71 0.752518 
7891.78 0.751143 
7929.86 0.749767 
7967.94 0.748393 
8006.01 0.747018 
8044.09 0.745644 
8082.16 0.74427 
8120.24 0.742896 
8158.32 0.741523 
8196.39 0.740151 
8234.47 0.738778 
8272.54 0.737407 
8310.62 0.736036 
8348.7 0.734602 
8386.77 0.733086 
8424.85 0.731569 
8462.93 0.730052 
8501 0.728534 
8539.08 0.727016 
8577.15 0.725497 
8615.23 0.723978 
8653.31 0.722458 
8691.38 0.720931 
8729.46 0.719394 
8767.54 0.717856 
8805.61 0.716318 
8843.69 0.71478 
8881.76 0.713241 
8919.84 0.711702 
8957.92 0.710163 
8995.99 0.708624 
9034.07 0.707085 
9072.14 0.705546 
9110.22 0.704007 
9148.3 0.702468 
9186.37 0.700929 
9224.45 0.69939 
9262.53 0.697851 
9300.6 0.696313 
9338.68 0.694774 
9376.75 0.693236 
9414.83 0.691698 
9452.91 0.69016 
9490.98 0.688623 
9529.06 0.687086 
9567.13 0.685507 
9605.21 0.68382 
9643.29 0.682133 
9681.36 0.680445 
9719.44 0.678756 
9757.52 0.677067 
9795.59 0.675378 
9833.67 0.673688 
9871.74 0.671998 
9909.82 0.670308 
9947.9 0.668617 
9985.97 0.666927 
10024 0.665236 
10062.1 0.663545 
10100.2 0.661854 
10138.3 0.660163 
10176.4 0.658472 
10214.4 0.656747 
10252.5 0.655007 
10290.6 0.653266 
10328.7 0.651525 
10366.7 0.649785 
10404.8 0.648044 
10442.9 0.646304 
10481 0.644564 
10519 0.642824 
10557.1 0.641084 
10595.2 0.639345 
10633.3 0.63752 
10671.3 0.635688 
10709.4 0.633856 
10747.5 0.632023 
10785.6 0.630191 
10823.6 0.628358 
10861.7 0.626463 
10899.8 0.624439 
10937.9 0.621928 
10976 0.61935 
11014 0.616067 
11052.1 0.611045 
11090.2 0.603389 
11128.3 0.592671 
11166.3 0.57865 
11204.4 0.564257 
11242.5 0.550632 
11280.6 0.539523 
11318.6 0.532328 
11356.7 0.527606 
11394.8 0.525176 
11432.9 0.524271 
11470.9 0.523828 
11509 0.52318 
11547.1 0.522522 
11585.2 0.521659 
11623.2 0.520574 
11661.3 0.519488 
11699.4 0.518399 
11737.5 0.51731 
11775.6 0.516065 
11813.6 0.51473 
11851.7 0.513396 
11889.8 0.512062 
11927.9 0.51073 
11965.9 0.509399 
12004 0.508069 
12042.1 0.50674 
12080.2 0.505277 
12118.2 0.503784 
12156.3 0.502292 
12194.4 0.500803 
12232.5 0.499316 
12270.5 0.497831 
12308.6 0.496347 
12346.7 0.494748 
12384.8 0.493086 
12422.8 0.491427 
12460.9 0.48977 
12499 0.488115 
12537.1 0.486463 
12575.2 0.484606 
12613.2 0.482232 
12651.3 0.478984 
12689.4 0.475726 
12727.5 0.471837 
12765.5 0.465745 
12803.6 0.459655 
12841.7 0.453649 
12879.8 0.447902 
12917.8 0.442217 
12955.9 0.437033 
12994 0.434651 
13032.1 0.432348 
13070.1 0.430054 
13108.2 0.428454 
13146.3 0.426838 
13184.4 0.424981 
13222.4 0.423126 
13260.5 0.421272 
13298.6 0.418101 
13336.7 0.414832 
13374.7 0.411575 
13412.8 0.408618 
13450.9 0.405872 
13489 0.403142 
13527.1 0.400455 
13565.1 0.399454 
13603.2 0.39845 
13641.3 0.397445 
13679.4 0.396438 
13717.4 0.395323 
13755.5 0.394059 
13793.6 0.392796 
13831.7 0.391533 
13869.7 0.390271 
13907.8 0.38901 
13945.9 0.387749 
13984 0.386447 
14022 0.385146 
14060.1 0.383847 
14098.2 0.38255 
14136.3 0.381253 
14174.3 0.379959 
14212.4 0.378666 
14250.5 0.377374 
14288.6 0.376084 
14326.7 0.37476 
14364.7 0.3734 
14402.8 0.372043 
14440.9 0.370688 
14479 0.369334 
14517 0.367982 
14555.1 0.366632 
14593.2 0.365284 
14631.3 0.363937 
14669.3 0.362568 
14707.4 0.361183 
14745.5 0.359799 
14783.6 0.358418 
14821.6 0.357038 
14859.7 0.35566 
14897.8 0.354284 
14935.9 0.352911 
14973.9 0.351539 
15012 0.350169 
15050.1 0.348798 
15088.2 0.347399 
15126.3 0.346003 
15164.3 0.344609 
15202.4 0.343216 
15240.5 0.341825 
15278.6 0.340437 
15316.6 0.33905 
15354.7 0.337665 
15392.8 0.336282 
15430.9 0.334888 
15468.9 0.333481 
15507 0.332076 
15545.1 0.330673 
15583.2 0.329272 
15621.2 0.327873 
15659.3 0.326475 
15697.4 0.325079 
15735.5 0.323685 
15773.5 0.322292 
15811.6 0.320901 
15849.7 0.319512 
15887.8 0.318125 
15925.9 0.316739 
15963.9 0.315346 
16002 0.313941 
16040.1 0.312537 
16078.2 0.311135 
16116.2 0.309705 
16154.3 0.308181 
16192.4 0.306659 
16230.5 0.305137 
16268.5 0.303616 
16306.6 0.302096 
16344.7 0.300577 
16382.8 0.299059 
16420.8 0.297542 
16458.9 0.296025 
16497 0.29451 
16535.1 0.292994 
16573.1 0.291462 
16611.2 0.289927 
16649.3 0.288393 
16687.4 0.28686 
16725.5 0.285326 
16763.5 0.283793 
16801.6 0.28226 
16839.7 0.280727 
16877.8 0.279193 
16915.8 0.277659 
16953.9 0.276126 
16992 0.274591 
17030.1 0.273057 
17068.1 0.271521 
17106.2 0.269985 
17144.3 0.268448 
17182.4 0.26691 
17220.4 0.265372 
17258.5 0.263832 
17296.6 0.26229 
17334.7 0.260738 
17372.7 0.259174 
17410.8 0.257609 
17448.9 0.256041 
17487 0.254471 
17525.1 0.252898 
17563.1 0.251323 
17601.2 0.249745 
17639.3 0.248164 
17677.4 0.24658 
17715.4 0.244993 
17753.5 0.243401 
17791.6 0.241806 
17829.7 0.240207 
17867.7 0.238603 
17905.8 0.236994 
17943.9 0.235381 
17982 0.233762 
18020 0.232138 
18058.1 0.230508 
18096.2 0.228871 
18134.3 0.227228 
18172.3 0.225578 
18210.4 0.22391 
18248.5 0.222226 
18286.6 0.220534 
18324.6 0.218833 
18362.7 0.217122 
18400.8 0.215401 
18438.9 0.21358 
18477 0.211747 
18515 0.209901 
18553.1 0.208043 
18591.2 0.206172 
18629.3 0.204287 
18667.3 0.202388 
18705.4 0.200474 
18743.5 0.198544 
18781.6 0.196598 
18819.6 0.194634 
18857.7 0.192652 
18895.8 0.190652 
18933.9 0.188632 
18971.9 0.186591 
19010 0.184529 
19048.1 0.182445 
19086.2 0.180338 
19124.2 0.178203 
19162.3 0.176029 
19200.4 0.173829 
19238.5 0.171602 
19276.6 0.169347 
19314.6 0.167063 
19352.7 0.164751 
19390.8 0.162408 
19428.9 0.160036 
19466.9 0.157634 
19505 0.155203 
19543.1 0.152741 
19581.2 0.15025 
19619.2 0.147731 
19657.3 0.145185 
19695.4 0.142613 
19733.5 0.140017 
19771.5 0.1374 
19809.6 0.134765 
19847.7 0.132113 
19885.8 0.12945 
19923.8 0.126779 
19961.9 0.124105 
20000 0.121431 
