   1000.00  0.917792
   1038.00  0.918009
   1076.00  0.918193
   1114.00  0.918280
   1152.00  0.918287
   1190.00  0.918228
   1228.00  0.918115
   1266.00  0.918000
   1304.00  0.917873
   1342.00  0.917672
   1380.00  0.917398
   1418.00  0.917045
   1456.00  0.916618
   1494.00  0.916126
   1532.00  0.915569
   1570.00  0.914896
   1608.00  0.914083
   1646.00  0.913116
   1684.00  0.911937
   1722.00  0.910544
   1760.00  0.908891
   1798.00  0.906833
   1836.00  0.904215
   1874.00  0.900653
   1912.00  0.895570
   1950.00  0.887766
   1988.00  0.873488
   2026.00  0.818578
   2064.00  0.686850
   2102.00  0.637756
   2140.00  0.681745
   2178.00  0.716675
   2216.00  0.732924
   2254.00  0.743747
   2292.00  0.751725
   2330.00  0.757876
   2368.00  0.762702
   2406.00  0.766441
   2444.00  0.769122
   2482.00  0.770451
   2520.00  0.768317
   2558.00  0.723530
   2596.00  0.756033
   2634.00  0.762869
   2672.00  0.767502
   2710.00  0.771151
   2748.00  0.774168
   2786.00  0.776608
   2824.00  0.778522
   2862.00  0.779585
   2900.00  0.773166
   2938.00  0.773310
   2976.00  0.777049
   3014.00  0.779469
   3052.00  0.781474
   3090.00  0.783111
   3128.00  0.783883
   3166.00  0.780524
   3204.00  0.779180
   3242.00  0.783506
   3280.00  0.785316
   3318.00  0.786849
   3356.00  0.788271
   3394.00  0.789610
   3432.00  0.790867
   3470.00  0.792052
   3508.00  0.793195
   3546.00  0.794293
   3584.00  0.795335
   3622.00  0.796348
   3660.00  0.797328
   3698.00  0.798266
   3736.00  0.799181
   3774.00  0.800070
   3812.00  0.800928
   3850.00  0.801765
   3888.00  0.802570
   3926.00  0.803358
   3964.00  0.804126
   4002.00  0.804873
   4040.00  0.805606
   4078.00  0.806310
   4116.00  0.807002
   4154.00  0.807683
   4192.00  0.808345
   4230.00  0.808993
   4268.00  0.809623
   4306.00  0.810243
   4344.00  0.810843
   4382.00  0.811434
   4420.00  0.812009
   4458.00  0.812575
   4496.00  0.813126
   4534.00  0.813666
   4572.00  0.814193
   4610.00  0.814710
   4648.00  0.815217
   4686.00  0.815712
   4724.00  0.816197
   4762.00  0.816671
   4800.00  0.817135
   4838.00  0.817589
   4876.00  0.818034
   4914.00  0.818469
   4952.00  0.818896
   4990.00  0.819314
   5028.00  0.819721
   5066.00  0.820121
   5104.00  0.820510
   5142.00  0.820893
   5180.00  0.821266
   5218.00  0.821632
   5256.00  0.821988
   5294.00  0.822339
   5332.00  0.822679
   5370.00  0.823012
   5408.00  0.823338
   5446.00  0.823655
   5484.00  0.823966
   5522.00  0.824266
   5560.00  0.824561
   5598.00  0.824848
   5636.00  0.825128
   5674.00  0.825401
   5712.00  0.825667
   5750.00  0.825927
   5788.00  0.826177
   5826.00  0.826422
   5864.00  0.826660
   5902.00  0.826890
   5940.00  0.827115
   5978.00  0.827331
   6016.00  0.827541
   6054.00  0.827744
   6092.00  0.827940
   6130.00  0.828130
   6168.00  0.828312
   6206.00  0.828488
   6244.00  0.828657
   6282.00  0.828819
   6320.00  0.828975
   6358.00  0.829123
   6396.00  0.829264
   6434.00  0.829400
   6472.00  0.829528
   6510.00  0.829651
   6548.00  0.829767
   6586.00  0.829875
   6624.00  0.829978
   6662.00  0.830073
   6700.00  0.830162
   6738.00  0.830244
   6776.00  0.830319
   6814.00  0.830388
   6852.00  0.830451
   6890.00  0.830506
   6928.00  0.830556
   6966.00  0.830600
   7004.00  0.830633
   7042.00  0.830661
   7080.00  0.830683
   7118.00  0.830696
   7156.00  0.830703
   7194.00  0.830704
   7232.00  0.830694
   7270.00  0.830679
   7308.00  0.830657
   7346.00  0.830627
   7384.00  0.830591
   7422.00  0.830548
   7460.00  0.830496
   7498.00  0.830436
   7536.00  0.830370
   7574.00  0.830295
   7612.00  0.830211
   7650.00  0.830121
   7688.00  0.830022
   7726.00  0.829916
   7764.00  0.829802
   7802.00  0.829681
   7840.00  0.829549
   7878.00  0.829409
   7916.00  0.829263
   7954.00  0.829104
   7992.00  0.828938
   8030.00  0.828763
   8068.00  0.828579
   8106.00  0.828385
   8144.00  0.828183
   8182.00  0.827972
   8220.00  0.827747
   8258.00  0.827514
   8296.00  0.827273
   8334.00  0.827019
   8372.00  0.826754
   8410.00  0.826480
   8448.00  0.826197
   8486.00  0.825897
   8524.00  0.825587
   8562.00  0.825267
   8600.00  0.824935
   8638.00  0.824590
   8676.00  0.824234
   8714.00  0.823868
   8752.00  0.823482
   8790.00  0.823084
   8828.00  0.822674
   8866.00  0.822252
   8904.00  0.821810
   8942.00  0.821356
   8980.00  0.820889
   9018.00  0.820405
   9056.00  0.819899
   9094.00  0.819380
   9132.00  0.818847
   9170.00  0.818293
   9208.00  0.817717
   9246.00  0.817127
   9284.00  0.816520
   9322.00  0.815887
   9360.00  0.815230
   9398.00  0.814556
   9436.00  0.813864
   9474.00  0.813141
   9512.00  0.812392
   9550.00  0.811623
   9588.00  0.810834
   9626.00  0.810006
   9664.00  0.809146
   9702.00  0.808263
   9740.00  0.807356
   9778.00  0.806407
   9816.00  0.805419
   9854.00  0.804403
   9892.00  0.803359
   9930.00  0.802279
   9968.00  0.801157
   10006.0  0.800003
   10044.0  0.798814
   10082.0  0.797579
   10120.0  0.796252
   10158.0  0.794883
   10196.0  0.793472
   10234.0  0.792017
   10272.0  0.790434
   10310.0  0.788788
   10348.0  0.787088
   10386.0  0.785329
   10424.0  0.783436
   10462.0  0.781404
   10500.0  0.779299
   10538.0  0.777115
   10576.0  0.774827
   10614.0  0.772212
   10652.0  0.769489
   10690.0  0.766651
   10728.0  0.763691
   10766.0  0.760267
   10804.0  0.756433
   10842.0  0.752403
   10880.0  0.748161
   10918.0  0.743665
   10956.0  0.736858
   10994.0  0.729537
   11032.0  0.721634
   11070.0  0.713070
   11108.0  0.679796
   11146.0  0.561111
   11184.0  0.349786
   11222.0  0.189980
   11260.0  0.347346
   11298.0  0.407627
   11336.0  0.413620
   11374.0  0.419528
   11412.0  0.425348
   11450.0  0.431084
   11488.0  0.431101
   11526.0  0.430008
   11564.0  0.428838
   11602.0  0.427589
   11640.0  0.426260
   11678.0  0.423054
   11716.0  0.419665
   11754.0  0.416150
   11792.0  0.412503
   11830.0  0.408711
   11868.0  0.403728
   11906.0  0.398577
   11944.0  0.393256
   11982.0  0.387765
   12020.0  0.382102
   12058.0  0.375416
   12096.0  0.368523
   12134.0  0.361447
   12172.0  0.354196
   12210.0  0.346781
   12248.0  0.338382
   12286.0  0.329707
   12324.0  0.320913
   12362.0  0.312028
   12400.0  0.303084
   12438.0  0.293049
   12476.0  0.282514
   12514.0  0.272076
   12552.0  0.261782
   12590.0  0.251676
   12628.0  0.237407
   12666.0  0.217087
   12704.0  0.198383
   12742.0  0.181313
   12780.0  0.165823
   12818.0  0.148402
   12856.0  0.108056
   12894.0  0.117887
   12932.0  0.128560
   12970.0  0.140131
   13008.0  0.152667
   13046.0  0.156848
   13084.0  0.153715
   13122.0  0.150628
   13160.0  0.147587
   13198.0  0.144593
   13236.0  0.141572
   13274.0  0.131914
   13312.0  0.122982
   13350.0  0.114727
   13388.0  0.107101
   13426.0  0.102902
   13464.0  0.114519
   13502.0  0.113245
   13540.0  0.111973
   13578.0  0.110702
   13616.0  0.109434
   13654.0  0.108170
   13692.0  0.106305
   13730.0  0.104156
   13768.0  0.102048
   13806.0  9.998334E-02
   13844.0  9.795999E-02
   13882.0  9.597796E-02
   13920.0  9.387858E-02
   13958.0  9.179712E-02
   13996.0  8.976541E-02
   14034.0  8.778235E-02
   14072.0  8.584680E-02
   14110.0  8.395807E-02
   14148.0  8.203392E-02
   14186.0  8.015268E-02
   14224.0  7.831973E-02
   14262.0  7.653408E-02
   14300.0  7.479437E-02
   14338.0  7.309934E-02
   14376.0  7.140324E-02
   14414.0  6.974820E-02
   14452.0  6.813718E-02
   14490.0  6.656891E-02
   14528.0  6.504221E-02
   14566.0  6.355605E-02
   14604.0  6.208404E-02
   14642.0  6.064612E-02
   14680.0  5.924689E-02
   14718.0  5.788516E-02
   14756.0  5.655985E-02
   14794.0  5.526982E-02
   14832.0  5.400201E-02
   14870.0  5.276062E-02
   14908.0  5.155250E-02
   14946.0  5.037666E-02
   14984.0  4.923215E-02
   15022.0  4.811798E-02
   15060.0  4.702904E-02
   15098.0  4.595964E-02
   15136.0  4.491869E-02
   15174.0  4.390524E-02
   15212.0  4.291848E-02
   15250.0  4.195757E-02
   15288.0  4.102177E-02
   15326.0  4.010191E-02
   15364.0  3.920519E-02
   15402.0  3.833185E-02
   15440.0  3.748113E-02
   15478.0  3.665236E-02
   15516.0  3.584489E-02
   15554.0  3.505546E-02
   15592.0  3.428227E-02
   15630.0  3.352884E-02
   15668.0  3.279466E-02
   15706.0  3.207906E-02
   15744.0  3.138153E-02
   15782.0  3.070151E-02
   15820.0  3.003480E-02
   15858.0  2.938378E-02
   15896.0  2.874902E-02
   15934.0  2.813008E-02
   15972.0  2.752647E-02
   16010.0  2.693775E-02
   16048.0  2.636327E-02
   16086.0  2.579962E-02
   16124.0  2.524981E-02
   16162.0  2.471340E-02
   16200.0  2.419004E-02
   16238.0  2.367935E-02
   16276.0  2.318098E-02
   16314.0  2.269397E-02
   16352.0  2.221670E-02
   16390.0  2.175085E-02
   16428.0  2.129610E-02
   16466.0  2.085217E-02
   16504.0  2.041875E-02
   16542.0  1.999555E-02
   16580.0  1.958173E-02
   16618.0  1.917626E-02
   16656.0  1.878030E-02
   16694.0  1.839358E-02
   16732.0  1.801583E-02
   16770.0  1.764684E-02
   16808.0  1.728637E-02
   16846.0  1.693383E-02
   16884.0  1.658828E-02
   16922.0  1.625064E-02
   16960.0  1.592073E-02
   16998.0  1.559832E-02
   17036.0  1.528322E-02
   17074.0  1.497524E-02
   17112.0  1.467413E-02
   17150.0  1.437877E-02
   17188.0  1.409003E-02
   17226.0  1.380777E-02
   17264.0  1.353180E-02
   17302.0  1.326196E-02
   17340.0  1.299811E-02
   17378.0  1.274008E-02
   17416.0  1.248708E-02
   17454.0  1.223948E-02
   17492.0  1.199732E-02
   17530.0  1.176045E-02
   17568.0  1.152875E-02
   17606.0  1.130209E-02
   17644.0  1.108035E-02
   17682.0  1.086315E-02
   17720.0  1.065027E-02
   17758.0  1.044197E-02
   17796.0  1.023814E-02
   17834.0  1.003869E-02
   17872.0  9.843508E-03
   17910.0  9.652473E-03
   17948.0  9.465503E-03
   17986.0  9.282073E-03
   18024.0  9.102466E-03
   18062.0  8.926654E-03
   18100.0  8.754549E-03
   18138.0  8.586057E-03
   18176.0  8.421103E-03
   18214.0  8.259601E-03
   18252.0  8.101378E-03
   18290.0  7.946172E-03
   18328.0  7.794188E-03
   18366.0  7.645362E-03
   18404.0  7.499617E-03
   18442.0  7.356880E-03
   18480.0  7.217086E-03
   18518.0  7.080161E-03
   18556.0  6.945915E-03
   18594.0  6.814263E-03
   18632.0  6.685304E-03
   18670.0  6.558978E-03
   18708.0  6.435225E-03
   18746.0  6.313982E-03
   18784.0  6.195198E-03
   18822.0  6.078816E-03
   18860.0  5.964653E-03
   18898.0  5.852696E-03
   18936.0  5.742995E-03
   18974.0  5.635499E-03
   19012.0  5.530156E-03
   19050.0  5.426919E-03
   19088.0  5.325743E-03
   19126.0  5.226582E-03
   19164.0  5.129301E-03
   19202.0  5.033872E-03
   19240.0  4.940340E-03
   19278.0  4.848657E-03
   19316.0  4.758785E-03
   19354.0  4.670688E-03
   19392.0  4.584323E-03
   19430.0  4.499656E-03
   19468.0  4.416595E-03
   19506.0  4.335080E-03
   19544.0  4.255163E-03
   19582.0  4.176808E-03
   19620.0  4.099979E-03
   19658.0  4.024646E-03
   19696.0  3.950777E-03
   19734.0  3.878340E-03
   19772.0  3.807294E-03
   19810.0  3.737532E-03
   19848.0  3.669119E-03
   19886.0  3.602025E-03
   19924.0  3.536225E-03
   19962.0  3.471690E-03
   20000.0  3.408394E-03
