   1000.00  0.932213
   1038.00  0.932403
   1076.00  0.932565
   1114.00  0.932645
   1152.00  0.932656
   1190.00  0.932614
   1228.00  0.932526
   1266.00  0.932436
   1304.00  0.932335
   1342.00  0.932172
   1380.00  0.931949
   1418.00  0.931659
   1456.00  0.931308
   1494.00  0.930902
   1532.00  0.930442
   1570.00  0.929884
   1608.00  0.929209
   1646.00  0.928406
   1684.00  0.927425
   1722.00  0.926265
   1760.00  0.924886
   1798.00  0.923168
   1836.00  0.920979
   1874.00  0.917997
   1912.00  0.913737
   1950.00  0.907185
   1988.00  0.895169
   2026.00  0.848655
   2064.00  0.735234
   2102.00  0.691614
   2140.00  0.731594
   2178.00  0.762396
   2216.00  0.776633
   2254.00  0.786086
   2292.00  0.793040
   2330.00  0.798395
   2368.00  0.802594
   2406.00  0.805849
   2444.00  0.808186
   2482.00  0.809356
   2520.00  0.807538
   2558.00  0.769021
   2596.00  0.797299
   2634.00  0.803231
   2672.00  0.807251
   2710.00  0.810418
   2748.00  0.813037
   2786.00  0.815159
   2824.00  0.816827
   2862.00  0.817765
   2900.00  0.812278
   2938.00  0.812556
   2976.00  0.815795
   3014.00  0.817901
   3052.00  0.819649
   3090.00  0.821080
   3128.00  0.821771
   3166.00  0.818930
   3204.00  0.817882
   3242.00  0.821617
   3280.00  0.823198
   3318.00  0.824542
   3356.00  0.825791
   3394.00  0.826968
   3432.00  0.828075
   3470.00  0.829120
   3508.00  0.830130
   3546.00  0.831101
   3584.00  0.832023
   3622.00  0.832921
   3660.00  0.833792
   3698.00  0.834626
   3736.00  0.835441
   3774.00  0.836234
   3812.00  0.837001
   3850.00  0.837750
   3888.00  0.838471
   3926.00  0.839179
   3964.00  0.839870
   4002.00  0.840543
   4040.00  0.841205
   4078.00  0.841842
   4116.00  0.842470
   4154.00  0.843088
   4192.00  0.843691
   4230.00  0.844282
   4268.00  0.844858
   4306.00  0.845426
   4344.00  0.845977
   4382.00  0.846521
   4420.00  0.847053
   4458.00  0.847576
   4496.00  0.848088
   4534.00  0.848590
   4572.00  0.849083
   4610.00  0.849567
   4648.00  0.850043
   4686.00  0.850510
   4724.00  0.850968
   4762.00  0.851418
   4800.00  0.851860
   4838.00  0.852294
   4876.00  0.852721
   4914.00  0.853141
   4952.00  0.853553
   4990.00  0.853959
   5028.00  0.854356
   5066.00  0.854748
   5104.00  0.855132
   5142.00  0.855510
   5180.00  0.855881
   5218.00  0.856247
   5256.00  0.856605
   5294.00  0.856959
   5332.00  0.857306
   5370.00  0.857647
   5408.00  0.857982
   5446.00  0.858311
   5484.00  0.858635
   5522.00  0.858951
   5560.00  0.859264
   5598.00  0.859570
   5636.00  0.859872
   5674.00  0.860169
   5712.00  0.860460
   5750.00  0.860747
   5788.00  0.861027
   5826.00  0.861303
   5864.00  0.861574
   5902.00  0.861840
   5940.00  0.862102
   5978.00  0.862358
   6016.00  0.862610
   6054.00  0.862857
   6092.00  0.863099
   6130.00  0.863337
   6168.00  0.863569
   6206.00  0.863797
   6244.00  0.864021
   6282.00  0.864239
   6320.00  0.864454
   6358.00  0.864664
   6396.00  0.864869
   6434.00  0.865071
   6472.00  0.865267
   6510.00  0.865460
   6548.00  0.865649
   6586.00  0.865833
   6624.00  0.866013
   6662.00  0.866189
   6700.00  0.866360
   6738.00  0.866528
   6776.00  0.866690
   6814.00  0.866849
   6852.00  0.867005
   6890.00  0.867156
   6928.00  0.867304
   6966.00  0.867448
   7004.00  0.867586
   7042.00  0.867721
   7080.00  0.867852
   7118.00  0.867978
   7156.00  0.868100
   7194.00  0.868219
   7232.00  0.868332
   7270.00  0.868441
   7308.00  0.868547
   7346.00  0.868649
   7384.00  0.868747
   7422.00  0.868841
   7460.00  0.868930
   7498.00  0.869016
   7536.00  0.869098
   7574.00  0.869175
   7612.00  0.869247
   7650.00  0.869316
   7688.00  0.869381
   7726.00  0.869442
   7764.00  0.869499
   7802.00  0.869553
   7840.00  0.869601
   7878.00  0.869646
   7916.00  0.869687
   7954.00  0.869722
   7992.00  0.869753
   8030.00  0.869781
   8068.00  0.869804
   8106.00  0.869822
   8144.00  0.869837
   8182.00  0.869848
   8220.00  0.869851
   8258.00  0.869852
   8296.00  0.869848
   8334.00  0.869839
   8372.00  0.869825
   8410.00  0.869808
   8448.00  0.869787
   8486.00  0.869757
   8524.00  0.869724
   8562.00  0.869687
   8600.00  0.869644
   8638.00  0.869597
   8676.00  0.869545
   8714.00  0.869490
   8752.00  0.869425
   8790.00  0.869356
   8828.00  0.869283
   8866.00  0.869205
   8904.00  0.869118
   8942.00  0.869028
   8980.00  0.868934
   9018.00  0.868832
   9056.00  0.868722
   9094.00  0.868607
   9132.00  0.868488
   9170.00  0.868361
   9208.00  0.868226
   9246.00  0.868086
   9284.00  0.867942
   9322.00  0.867787
   9360.00  0.867623
   9398.00  0.867454
   9436.00  0.867281
   9474.00  0.867096
   9512.00  0.866902
   9550.00  0.866702
   9588.00  0.866498
   9626.00  0.866278
   9664.00  0.866048
   9702.00  0.865811
   9740.00  0.865570
   9778.00  0.865313
   9816.00  0.865043
   9854.00  0.864767
   9892.00  0.864485
   9930.00  0.864195
   9968.00  0.863895
   10006.0  0.863589
   10044.0  0.863276
   10082.0  0.862951
   10120.0  0.862588
   10158.0  0.862218
   10196.0  0.861840
   10234.0  0.861455
   10272.0  0.861019
   10310.0  0.860569
   10348.0  0.860110
   10386.0  0.859641
   10424.0  0.859126
   10462.0  0.858565
   10500.0  0.857993
   10538.0  0.857410
   10576.0  0.856806
   10614.0  0.856077
   10652.0  0.855335
   10690.0  0.854577
   10728.0  0.853804
   10766.0  0.852871
   10804.0  0.851815
   10842.0  0.850735
   10880.0  0.849630
   10918.0  0.848493
   10956.0  0.846553
   10994.0  0.844552
   11032.0  0.842489
   11070.0  0.840360
   11108.0  0.830943
   11146.0  0.804255
   11184.0  0.767778
   11222.0  0.495745
   11260.0  0.601002
   11298.0  0.632985
   11336.0  0.637600
   11374.0  0.642118
   11412.0  0.646538
   11450.0  0.650867
   11488.0  0.652498
   11526.0  0.653628
   11564.0  0.654738
   11602.0  0.655832
   11640.0  0.656907
   11678.0  0.657180
   11716.0  0.657411
   11754.0  0.657626
   11792.0  0.657824
   11830.0  0.658001
   11868.0  0.657725
   11906.0  0.657429
   11944.0  0.657113
   11982.0  0.656778
   12020.0  0.656421
   12058.0  0.655705
   12096.0  0.654957
   12134.0  0.654182
   12172.0  0.653381
   12210.0  0.652552
   12248.0  0.651370
   12286.0  0.650099
   12324.0  0.648792
   12362.0  0.647447
   12400.0  0.646063
   12438.0  0.644193
   12476.0  0.642040
   12514.0  0.639827
   12552.0  0.637550
   12590.0  0.635208
   12628.0  0.630535
   12666.0  0.621821
   12704.0  0.612614
   12742.0  0.602870
   12780.0  0.592537
   12818.0  0.577826
   12856.0  0.434820
   12894.0  0.455599
   12932.0  0.475334
   12970.0  0.494027
   13008.0  0.511722
   13046.0  0.518893
   13084.0  0.518092
   13122.0  0.517258
   13160.0  0.516389
   13198.0  0.515483
   13236.0  0.514448
   13274.0  0.504468
   13312.0  0.494043
   13350.0  0.483146
   13388.0  0.471755
   13426.0  0.434855
   13464.0  0.459412
   13502.0  0.459763
   13540.0  0.460085
   13578.0  0.460377
   13616.0  0.460641
   13654.0  0.460873
   13692.0  0.459913
   13730.0  0.458290
   13768.0  0.456619
   13806.0  0.454898
   13844.0  0.453128
   13882.0  0.451306
   13920.0  0.449061
   13958.0  0.446681
   13996.0  0.444239
   14034.0  0.441732
   14072.0  0.439160
   14110.0  0.436521
   14148.0  0.433575
   14186.0  0.430535
   14224.0  0.427418
   14262.0  0.424222
   14300.0  0.420946
   14338.0  0.417587
   14376.0  0.413982
   14414.0  0.410272
   14452.0  0.406473
   14490.0  0.402583
   14528.0  0.398602
   14566.0  0.394529
   14604.0  0.390245
   14642.0  0.385839
   14680.0  0.381338
   14718.0  0.376741
   14756.0  0.372050
   14794.0  0.367265
   14832.0  0.362319
   14870.0  0.357237
   14908.0  0.352067
   14946.0  0.346813
   14984.0  0.341480
   15022.0  0.336072
   15060.0  0.330565
   15098.0  0.324925
   15136.0  0.319230
   15174.0  0.313486
   15212.0  0.307702
   15250.0  0.301885
   15288.0  0.296047
   15326.0  0.290123
   15364.0  0.284188
   15402.0  0.278262
   15440.0  0.272353
   15478.0  0.266472
   15516.0  0.260628
   15554.0  0.254805
   15592.0  0.249001
   15630.0  0.243262
   15668.0  0.237598
   15706.0  0.232013
   15744.0  0.226516
   15782.0  0.221112
   15820.0  0.215768
   15858.0  0.210517
   15896.0  0.205374
   15934.0  0.200342
   15972.0  0.195422
   16010.0  0.190617
   16048.0  0.185924
   16086.0  0.181313
   16124.0  0.176821
   16162.0  0.172444
   16200.0  0.168183
   16238.0  0.164037
   16276.0  0.160003
   16314.0  0.156075
   16352.0  0.152236
   16390.0  0.148506
   16428.0  0.144881
   16466.0  0.141360
   16504.0  0.137939
   16542.0  0.134617
   16580.0  0.131385
   16618.0  0.128233
   16656.0  0.125173
   16694.0  0.122202
   16732.0  0.119316
   16770.0  0.116513
   16808.0  0.113792
   16846.0  0.111145
   16884.0  0.108564
   16922.0  0.106058
   16960.0  0.103623
   16998.0  0.101257
   17036.0  9.895873E-02
   17074.0  9.672508E-02
   17112.0  9.455356E-02
   17150.0  9.243402E-02
   17188.0  9.037361E-02
   17226.0  8.837057E-02
   17264.0  8.642287E-02
   17302.0  8.452866E-02
   17340.0  8.268633E-02
   17378.0  8.089405E-02
   17416.0  7.914475E-02
   17454.0  7.744117E-02
   17492.0  7.578330E-02
   17530.0  7.416967E-02
   17568.0  7.259880E-02
   17606.0  7.106937E-02
   17644.0  6.957997E-02
   17682.0  6.812737E-02
   17720.0  6.670940E-02
   17758.0  6.532802E-02
   17796.0  6.398209E-02
   17834.0  6.267056E-02
   17872.0  6.139230E-02
   17910.0  6.014623E-02
   17948.0  5.893143E-02
   17986.0  5.774357E-02
   18024.0  5.658472E-02
   18062.0  5.545451E-02
   18100.0  5.435209E-02
   18138.0  5.327657E-02
   18176.0  5.222721E-02
   18214.0  5.120320E-02
   18252.0  5.020310E-02
   18290.0  4.922475E-02
   18328.0  4.826966E-02
   18366.0  4.733722E-02
   18404.0  4.642673E-02
   18442.0  4.553758E-02
   18480.0  4.466914E-02
   18518.0  4.382081E-02
   18556.0  4.299105E-02
   18594.0  4.217917E-02
   18632.0  4.138587E-02
   18670.0  4.061062E-02
   18708.0  3.985289E-02
   18746.0  3.911223E-02
   18784.0  3.838816E-02
   18822.0  3.768022E-02
   18860.0  3.698701E-02
   18898.0  3.630840E-02
   18936.0  3.564474E-02
   18974.0  3.499563E-02
   19012.0  3.436065E-02
   19050.0  3.373942E-02
   19088.0  3.313161E-02
   19126.0  3.253685E-02
   19164.0  3.195411E-02
   19202.0  3.138321E-02
   19240.0  3.082445E-02
   19278.0  3.027749E-02
   19316.0  2.974201E-02
   19354.0  2.921777E-02
   19392.0  2.870445E-02
   19430.0  2.820178E-02
   19468.0  2.770909E-02
   19506.0  2.722597E-02
   19544.0  2.675277E-02
   19582.0  2.628924E-02
   19620.0  2.583514E-02
   19658.0  2.539025E-02
   19696.0  2.495434E-02
   19734.0  2.452718E-02
   19772.0  2.410848E-02
   19810.0  2.369747E-02
   19848.0  2.329464E-02
   19886.0  2.289979E-02
   19924.0  2.251274E-02
   19962.0  2.213329E-02
   20000.0  2.176128E-02
