   1000.00  0.933668
   1038.00  0.933857
   1076.00  0.934017
   1114.00  0.934095
   1152.00  0.934106
   1190.00  0.934063
   1228.00  0.933975
   1266.00  0.933884
   1304.00  0.933782
   1342.00  0.933618
   1380.00  0.933394
   1418.00  0.933104
   1456.00  0.932753
   1494.00  0.932348
   1532.00  0.931888
   1570.00  0.931331
   1608.00  0.930657
   1646.00  0.929857
   1684.00  0.928880
   1722.00  0.927724
   1760.00  0.926350
   1798.00  0.924638
   1836.00  0.922458
   1874.00  0.919489
   1912.00  0.915248
   1950.00  0.908725
   1988.00  0.896759
   2026.00  0.850396
   2064.00  0.739073
   2102.00  0.695512
   2140.00  0.736529
   2178.00  0.767188
   2216.00  0.781338
   2254.00  0.790723
   2292.00  0.797620
   2330.00  0.802926
   2368.00  0.807082
   2406.00  0.810299
   2444.00  0.812604
   2482.00  0.813747
   2520.00  0.811919
   2558.00  0.774000
   2596.00  0.802126
   2634.00  0.808004
   2672.00  0.811980
   2710.00  0.815108
   2748.00  0.817691
   2786.00  0.819780
   2824.00  0.821419
   2862.00  0.822332
   2900.00  0.816856
   2938.00  0.817295
   2976.00  0.820499
   3014.00  0.822577
   3052.00  0.824299
   3090.00  0.825706
   3128.00  0.826379
   3166.00  0.823539
   3204.00  0.822590
   3242.00  0.826292
   3280.00  0.827853
   3318.00  0.829178
   3356.00  0.830408
   3394.00  0.831567
   3432.00  0.832656
   3470.00  0.833684
   3508.00  0.834676
   3546.00  0.835630
   3584.00  0.836537
   3622.00  0.837418
   3660.00  0.838272
   3698.00  0.839091
   3736.00  0.839890
   3774.00  0.840667
   3812.00  0.841419
   3850.00  0.842153
   3888.00  0.842860
   3926.00  0.843552
   3964.00  0.844229
   4002.00  0.844888
   4040.00  0.845536
   4078.00  0.846158
   4116.00  0.846773
   4154.00  0.847377
   4192.00  0.847966
   4230.00  0.848544
   4268.00  0.849107
   4306.00  0.849661
   4344.00  0.850200
   4382.00  0.850731
   4420.00  0.851250
   4458.00  0.851761
   4496.00  0.852260
   4534.00  0.852751
   4572.00  0.853232
   4610.00  0.853704
   4648.00  0.854169
   4686.00  0.854624
   4724.00  0.855071
   4762.00  0.855509
   4800.00  0.855940
   4838.00  0.856363
   4876.00  0.856779
   4914.00  0.857188
   4952.00  0.857590
   4990.00  0.857985
   5028.00  0.858372
   5066.00  0.858753
   5104.00  0.859127
   5142.00  0.859496
   5180.00  0.859856
   5218.00  0.860213
   5256.00  0.860561
   5294.00  0.860906
   5332.00  0.861243
   5370.00  0.861575
   5408.00  0.861900
   5446.00  0.862220
   5484.00  0.862536
   5522.00  0.862844
   5560.00  0.863147
   5598.00  0.863445
   5636.00  0.863739
   5674.00  0.864027
   5712.00  0.864310
   5750.00  0.864589
   5788.00  0.864861
   5826.00  0.865130
   5864.00  0.865393
   5902.00  0.865651
   5940.00  0.865906
   5978.00  0.866154
   6016.00  0.866399
   6054.00  0.866638
   6092.00  0.866873
   6130.00  0.867104
   6168.00  0.867330
   6206.00  0.867551
   6244.00  0.867768
   6282.00  0.867980
   6320.00  0.868189
   6358.00  0.868392
   6396.00  0.868591
   6434.00  0.868786
   6472.00  0.868977
   6510.00  0.869164
   6548.00  0.869347
   6586.00  0.869525
   6624.00  0.869700
   6662.00  0.869870
   6700.00  0.870036
   6738.00  0.870198
   6776.00  0.870356
   6814.00  0.870510
   6852.00  0.870660
   6890.00  0.870807
   6928.00  0.870949
   6966.00  0.871089
   7004.00  0.871222
   7042.00  0.871352
   7080.00  0.871479
   7118.00  0.871601
   7156.00  0.871719
   7194.00  0.871834
   7232.00  0.871942
   7270.00  0.872048
   7308.00  0.872150
   7346.00  0.872248
   7384.00  0.872342
   7422.00  0.872433
   7460.00  0.872519
   7498.00  0.872601
   7536.00  0.872680
   7574.00  0.872754
   7612.00  0.872823
   7650.00  0.872889
   7688.00  0.872951
   7726.00  0.873009
   7764.00  0.873064
   7802.00  0.873115
   7840.00  0.873161
   7878.00  0.873203
   7916.00  0.873242
   7954.00  0.873275
   7992.00  0.873304
   8030.00  0.873330
   8068.00  0.873351
   8106.00  0.873367
   8144.00  0.873380
   8182.00  0.873390
   8220.00  0.873392
   8258.00  0.873391
   8296.00  0.873386
   8334.00  0.873376
   8372.00  0.873361
   8410.00  0.873343
   8448.00  0.873321
   8486.00  0.873290
   8524.00  0.873256
   8562.00  0.873219
   8600.00  0.873176
   8638.00  0.873128
   8676.00  0.873076
   8714.00  0.873021
   8752.00  0.872956
   8790.00  0.872887
   8828.00  0.872814
   8866.00  0.872737
   8904.00  0.872651
   8942.00  0.872561
   8980.00  0.872467
   9018.00  0.872367
   9056.00  0.872258
   9094.00  0.872144
   9132.00  0.872027
   9170.00  0.871901
   9208.00  0.871767
   9246.00  0.871629
   9284.00  0.871486
   9322.00  0.871333
   9360.00  0.871171
   9398.00  0.871005
   9436.00  0.870834
   9474.00  0.870651
   9512.00  0.870460
   9550.00  0.870263
   9588.00  0.870062
   9626.00  0.869846
   9664.00  0.869618
   9702.00  0.869385
   9740.00  0.869147
   9778.00  0.868895
   9816.00  0.868629
   9854.00  0.868357
   9892.00  0.868079
   9930.00  0.867793
   9968.00  0.867498
   10006.0  0.867197
   10044.0  0.866889
   10082.0  0.866569
   10120.0  0.866211
   10158.0  0.865847
   10196.0  0.865475
   10234.0  0.865096
   10272.0  0.864667
   10310.0  0.864223
   10348.0  0.863771
   10386.0  0.863310
   10424.0  0.862803
   10462.0  0.862251
   10500.0  0.861688
   10538.0  0.861114
   10576.0  0.860519
   10614.0  0.859801
   10652.0  0.859070
   10690.0  0.858323
   10728.0  0.857562
   10766.0  0.856643
   10804.0  0.855602
   10842.0  0.854538
   10880.0  0.853450
   10918.0  0.852329
   10956.0  0.850415
   10994.0  0.848441
   11032.0  0.846406
   11070.0  0.844305
   11108.0  0.834998
   11146.0  0.808600
   11184.0  0.772491
   11222.0  0.503795
   11260.0  0.608934
   11298.0  0.640813
   11336.0  0.645417
   11374.0  0.649922
   11412.0  0.654330
   11450.0  0.658645
   11488.0  0.660276
   11526.0  0.661407
   11564.0  0.662520
   11602.0  0.663616
   11640.0  0.664693
   11678.0  0.664973
   11716.0  0.665211
   11754.0  0.665433
   11792.0  0.665639
   11830.0  0.665823
   11868.0  0.665557
   11906.0  0.665273
   11944.0  0.664968
   11982.0  0.664644
   12020.0  0.664299
   12058.0  0.663598
   12096.0  0.662864
   12134.0  0.662105
   12172.0  0.661319
   12210.0  0.660506
   12248.0  0.659342
   12286.0  0.658091
   12324.0  0.656804
   12362.0  0.655479
   12400.0  0.654117
   12438.0  0.652271
   12476.0  0.650146
   12514.0  0.647960
   12552.0  0.645712
   12590.0  0.643398
   12628.0  0.638770
   12666.0  0.630127
   12704.0  0.620992
   12742.0  0.611322
   12780.0  0.601066
   12818.0  0.586452
   12856.0  0.444523
   12894.0  0.465362
   12932.0  0.485135
   12970.0  0.503848
   13008.0  0.521548
   13046.0  0.528729
   13084.0  0.527952
   13122.0  0.527141
   13160.0  0.526296
   13198.0  0.525414
   13236.0  0.524403
   13274.0  0.514464
   13312.0  0.504077
   13350.0  0.493216
   13388.0  0.481857
   13426.0  0.445270
   13464.0  0.469890
   13502.0  0.470268
   13540.0  0.470617
   13578.0  0.470935
   13616.0  0.471226
   13654.0  0.471486
   13692.0  0.470552
   13730.0  0.468956
   13768.0  0.467312
   13806.0  0.465618
   13844.0  0.463875
   13882.0  0.462080
   13920.0  0.459863
   13958.0  0.457510
   13996.0  0.455096
   14034.0  0.452617
   14072.0  0.450072
   14110.0  0.447460
   14148.0  0.444542
   14186.0  0.441529
   14224.0  0.438439
   14262.0  0.435270
   14300.0  0.432021
   14338.0  0.428689
   14376.0  0.425109
   14414.0  0.421425
   14452.0  0.417652
   14490.0  0.413786
   14528.0  0.409828
   14566.0  0.405778
   14604.0  0.401516
   14642.0  0.397131
   14680.0  0.392650
   14718.0  0.388071
   14756.0  0.383397
   14794.0  0.378629
   14832.0  0.373697
   14870.0  0.368627
   14908.0  0.363467
   14946.0  0.358221
   14984.0  0.352893
   15022.0  0.347489
   15060.0  0.341982
   15098.0  0.336340
   15136.0  0.330640
   15174.0  0.324888
   15212.0  0.319092
   15250.0  0.313262
   15288.0  0.307406
   15326.0  0.301460
   15364.0  0.295501
   15402.0  0.289546
   15440.0  0.283605
   15478.0  0.277689
   15516.0  0.271806
   15554.0  0.265941
   15592.0  0.260091
   15630.0  0.254303
   15668.0  0.248586
   15706.0  0.242946
   15744.0  0.237390
   15782.0  0.231925
   15820.0  0.226517
   15858.0  0.221199
   15896.0  0.215987
   15934.0  0.210883
   15972.0  0.205890
   16010.0  0.201010
   16048.0  0.196240
   16086.0  0.191551
   16124.0  0.186978
   16162.0  0.182520
   16200.0  0.178177
   16238.0  0.173948
   16276.0  0.169830
   16314.0  0.165817
   16352.0  0.161893
   16390.0  0.158076
   16428.0  0.154365
   16466.0  0.150757
   16504.0  0.147250
   16542.0  0.143841
   16580.0  0.140522
   16618.0  0.137283
   16656.0  0.134136
   16694.0  0.131078
   16732.0  0.128106
   16770.0  0.125217
   16808.0  0.122410
   16846.0  0.119678
   16884.0  0.117013
   16922.0  0.114421
   16960.0  0.111903
   16998.0  0.109454
   17036.0  0.107072
   17074.0  0.104757
   17112.0  0.102504
   17150.0  0.100303
   17188.0  9.816193E-02
   17226.0  9.607910E-02
   17264.0  9.405234E-02
   17302.0  9.207982E-02
   17340.0  9.015993E-02
   17378.0  8.829083E-02
   17416.0  8.646515E-02
   17454.0  8.468588E-02
   17492.0  8.295310E-02
   17530.0  8.126531E-02
   17568.0  7.962108E-02
   17606.0  7.801905E-02
   17644.0  7.645784E-02
   17682.0  7.493404E-02
   17720.0  7.344544E-02
   17758.0  7.199421E-02
   17796.0  7.057920E-02
   17834.0  6.919935E-02
   17872.0  6.785353E-02
   17910.0  6.654064E-02
   17948.0  6.525978E-02
   17986.0  6.400635E-02
   18024.0  6.278264E-02
   18062.0  6.158829E-02
   18100.0  6.042247E-02
   18138.0  5.928426E-02
   18176.0  5.817294E-02
   18214.0  5.708767E-02
   18252.0  5.602696E-02
   18290.0  5.498851E-02
   18328.0  5.397401E-02
   18366.0  5.298285E-02
   18404.0  5.201432E-02
   18442.0  5.106778E-02
   18480.0  5.014264E-02
   18518.0  4.923823E-02
   18556.0  4.835296E-02
   18594.0  4.748612E-02
   18632.0  4.663847E-02
   18670.0  4.580950E-02
   18708.0  4.499869E-02
   18746.0  4.420554E-02
   18784.0  4.342959E-02
   18822.0  4.267038E-02
   18860.0  4.192639E-02
   18898.0  4.119750E-02
   18936.0  4.048415E-02
   18974.0  3.978591E-02
   19012.0  3.910237E-02
   19050.0  3.843314E-02
   19088.0  3.777787E-02
   19126.0  3.713620E-02
   19164.0  3.650702E-02
   19202.0  3.589013E-02
   19240.0  3.528591E-02
   19278.0  3.469400E-02
   19316.0  3.411410E-02
   19354.0  3.354593E-02
   19392.0  3.298917E-02
   19430.0  3.244356E-02
   19468.0  3.190839E-02
   19506.0  3.138317E-02
   19544.0  3.086835E-02
   19582.0  3.036368E-02
   19620.0  2.986890E-02
   19658.0  2.938378E-02
   19696.0  2.890809E-02
   19734.0  2.844159E-02
   19772.0  2.798399E-02
   19810.0  2.753442E-02
   19848.0  2.709347E-02
   19886.0  2.666092E-02
   19924.0  2.623658E-02
   19962.0  2.582026E-02
   20000.0  2.541178E-02
