   1000.00  0.917973
   1038.00  0.918183
   1076.00  0.918366
   1114.00  0.918455
   1152.00  0.918466
   1190.00  0.918414
   1228.00  0.918311
   1266.00  0.918206
   1304.00  0.918093
   1342.00  0.917908
   1380.00  0.917653
   1418.00  0.917322
   1456.00  0.916920
   1494.00  0.916456
   1532.00  0.915931
   1570.00  0.915294
   1608.00  0.914522
   1646.00  0.913603
   1684.00  0.912480
   1722.00  0.911151
   1760.00  0.909575
   1798.00  0.907611
   1836.00  0.905109
   1874.00  0.901703
   1912.00  0.896837
   1950.00  0.889364
   1988.00  0.875691
   2026.00  0.823127
   2064.00  0.691022
   2102.00  0.643581
   2140.00  0.683099
   2178.00  0.717058
   2216.00  0.732888
   2254.00  0.743452
   2292.00  0.751256
   2330.00  0.757287
   2368.00  0.762031
   2406.00  0.765722
   2444.00  0.768386
   2482.00  0.769741
   2520.00  0.767747
   2558.00  0.723276
   2596.00  0.754796
   2634.00  0.761490
   2672.00  0.766049
   2710.00  0.769654
   2748.00  0.772645
   2786.00  0.775076
   2824.00  0.776997
   2862.00  0.778094
   2900.00  0.771962
   2938.00  0.771658
   2976.00  0.775333
   3014.00  0.777733
   3052.00  0.779730
   3090.00  0.781369
   3128.00  0.782172
   3166.00  0.778986
   3204.00  0.777439
   3242.00  0.781665
   3280.00  0.783459
   3318.00  0.784987
   3356.00  0.786408
   3394.00  0.787748
   3432.00  0.789008
   3470.00  0.790200
   3508.00  0.791350
   3546.00  0.792457
   3584.00  0.793510
   3622.00  0.794534
   3660.00  0.795527
   3698.00  0.796479
   3736.00  0.797409
   3774.00  0.798314
   3812.00  0.799188
   3850.00  0.800042
   3888.00  0.800865
   3926.00  0.801672
   3964.00  0.802459
   4002.00  0.803226
   4040.00  0.803979
   4078.00  0.804703
   4116.00  0.805418
   4154.00  0.806120
   4192.00  0.806804
   4230.00  0.807476
   4268.00  0.808129
   4306.00  0.808772
   4344.00  0.809396
   4382.00  0.810011
   4420.00  0.810612
   4458.00  0.811202
   4496.00  0.811779
   4534.00  0.812345
   4572.00  0.812898
   4610.00  0.813442
   4648.00  0.813976
   4686.00  0.814498
   4724.00  0.815011
   4762.00  0.815513
   4800.00  0.816005
   4838.00  0.816488
   4876.00  0.816962
   4914.00  0.817426
   4952.00  0.817882
   4990.00  0.818330
   5028.00  0.818768
   5066.00  0.819198
   5104.00  0.819618
   5142.00  0.820032
   5180.00  0.820436
   5218.00  0.820835
   5256.00  0.821223
   5294.00  0.821606
   5332.00  0.821979
   5370.00  0.822346
   5408.00  0.822704
   5446.00  0.823055
   5484.00  0.823400
   5522.00  0.823736
   5560.00  0.824066
   5598.00  0.824388
   5636.00  0.824703
   5674.00  0.825013
   5712.00  0.825315
   5750.00  0.825612
   5788.00  0.825899
   5826.00  0.826182
   5864.00  0.826457
   5902.00  0.826726
   5940.00  0.826990
   5978.00  0.827245
   6016.00  0.827496
   6054.00  0.827739
   6092.00  0.827976
   6130.00  0.828207
   6168.00  0.828430
   6206.00  0.828648
   6244.00  0.828860
   6282.00  0.829065
   6320.00  0.829265
   6358.00  0.829457
   6396.00  0.829643
   6434.00  0.829825
   6472.00  0.829999
   6510.00  0.830168
   6548.00  0.830332
   6586.00  0.830488
   6624.00  0.830639
   6662.00  0.830784
   6700.00  0.830922
   6738.00  0.831055
   6776.00  0.831181
   6814.00  0.831302
   6852.00  0.831417
   6890.00  0.831526
   6928.00  0.831630
   6966.00  0.831729
   7004.00  0.831818
   7042.00  0.831903
   7080.00  0.831982
   7118.00  0.832054
   7156.00  0.832120
   7194.00  0.832181
   7232.00  0.832233
   7270.00  0.832279
   7308.00  0.832321
   7346.00  0.832355
   7384.00  0.832384
   7422.00  0.832407
   7460.00  0.832422
   7498.00  0.832432
   7536.00  0.832435
   7574.00  0.832431
   7612.00  0.832419
   7650.00  0.832402
   7688.00  0.832379
   7726.00  0.832349
   7764.00  0.832313
   7802.00  0.832270
   7840.00  0.832219
   7878.00  0.832162
   7916.00  0.832099
   7954.00  0.832026
   7992.00  0.831946
   8030.00  0.831860
   8068.00  0.831767
   8106.00  0.831665
   8144.00  0.831557
   8182.00  0.831442
   8220.00  0.831316
   8258.00  0.831183
   8296.00  0.831044
   8334.00  0.830895
   8372.00  0.830737
   8410.00  0.830573
   8448.00  0.830401
   8486.00  0.830215
   8524.00  0.830023
   8562.00  0.829823
   8600.00  0.829613
   8638.00  0.829394
   8676.00  0.829166
   8714.00  0.828932
   8752.00  0.828681
   8790.00  0.828422
   8828.00  0.828154
   8866.00  0.827877
   8904.00  0.827584
   8942.00  0.827284
   8980.00  0.826974
   9018.00  0.826652
   9056.00  0.826313
   9094.00  0.825965
   9132.00  0.825607
   9170.00  0.825234
   9208.00  0.824845
   9246.00  0.824446
   9284.00  0.824036
   9322.00  0.823607
   9360.00  0.823160
   9398.00  0.822703
   9436.00  0.822233
   9474.00  0.821741
   9512.00  0.821231
   9550.00  0.820708
   9588.00  0.820173
   9626.00  0.819609
   9664.00  0.819023
   9702.00  0.818423
   9740.00  0.817807
   9778.00  0.817164
   9816.00  0.816492
   9854.00  0.815804
   9892.00  0.815100
   9930.00  0.814373
   9968.00  0.813623
   10006.0  0.812853
   10044.0  0.812063
   10082.0  0.811244
   10120.0  0.810359
   10158.0  0.809451
   10196.0  0.808520
   10234.0  0.807564
   10272.0  0.806518
   10310.0  0.805435
   10348.0  0.804323
   10386.0  0.803181
   10424.0  0.801949
   10462.0  0.800627
   10500.0  0.799267
   10538.0  0.797868
   10576.0  0.796413
   10614.0  0.794733
   10652.0  0.793001
   10690.0  0.791215
   10728.0  0.789371
   10766.0  0.787226
   10804.0  0.784829
   10842.0  0.782345
   10880.0  0.779768
   10918.0  0.777078
   10956.0  0.772887
   10994.0  0.768480
   11032.0  0.763836
   11070.0  0.758934
   11108.0  0.739425
   11146.0  0.678964
   11184.0  0.574000
   11222.0  0.275745
   11260.0  0.430387
   11298.0  0.479239
   11336.0  0.484887
   11374.0  0.490431
   11412.0  0.495874
   11450.0  0.501219
   11488.0  0.502231
   11526.0  0.502423
   11564.0  0.502573
   11602.0  0.502684
   11640.0  0.502754
   11678.0  0.501459
   11716.0  0.500058
   11754.0  0.498595
   11792.0  0.497066
   11830.0  0.495460
   11868.0  0.493017
   11906.0  0.490482
   11944.0  0.487853
   11982.0  0.485127
   12020.0  0.482299
   12058.0  0.478740
   12096.0  0.475038
   12134.0  0.471200
   12172.0  0.467221
   12210.0  0.463094
   12248.0  0.458178
   12286.0  0.452971
   12324.0  0.447569
   12362.0  0.441963
   12400.0  0.436147
   12438.0  0.429191
   12476.0  0.421488
   12514.0  0.413490
   12552.0  0.405191
   12590.0  0.396590
   12628.0  0.382812
   12666.0  0.360246
   12704.0  0.336834
   12742.0  0.312916
   12780.0  0.288926
   12818.0  0.259074
   12856.0  0.168044
   12894.0  0.185166
   12932.0  0.203479
   12970.0  0.222854
   13008.0  0.243134
   13046.0  0.250328
   13084.0  0.246487
   13122.0  0.242608
   13160.0  0.238697
   13198.0  0.234756
   13236.0  0.230667
   13274.0  0.215295
   13312.0  0.200514
   13350.0  0.186427
   13388.0  0.173108
   13426.0  0.161023
   13464.0  0.181514
   13502.0  0.179857
   13540.0  0.178177
   13578.0  0.176473
   13616.0  0.174751
   13654.0  0.173007
   13692.0  0.170168
   13730.0  0.166776
   13768.0  0.163413
   13806.0  0.160084
   13844.0  0.156790
   13882.0  0.153534
   13920.0  0.150026
   13958.0  0.146515
   13996.0  0.143065
   14034.0  0.139677
   14072.0  0.136352
   14110.0  0.133092
   14148.0  0.129744
   14186.0  0.126458
   14224.0  0.123246
   14262.0  0.120111
   14300.0  0.117049
   14338.0  0.114063
   14376.0  0.111066
   14414.0  0.108140
   14452.0  0.105292
   14490.0  0.102520
   14528.0  9.982359E-02
   14566.0  9.720144E-02
   14604.0  9.460524E-02
   14642.0  9.207287E-02
   14680.0  8.961342E-02
   14718.0  8.722503E-02
   14756.0  8.490602E-02
   14794.0  8.265448E-02
   14832.0  8.044682E-02
   14870.0  7.829094E-02
   14908.0  7.619936E-02
   14946.0  7.417022E-02
   14984.0  7.220175E-02
   15022.0  7.029204E-02
   15060.0  6.843190E-02
   15098.0  6.661119E-02
   15136.0  6.484556E-02
   15174.0  6.313310E-02
   15212.0  6.147218E-02
   15250.0  5.986105E-02
   15288.0  5.829819E-02
   15326.0  5.676762E-02
   15364.0  5.528153E-02
   15402.0  5.384009E-02
   15440.0  5.244169E-02
   15478.0  5.108493E-02
   15516.0  4.976846E-02
   15554.0  4.848655E-02
   15592.0  4.723603E-02
   15630.0  4.602251E-02
   15668.0  4.484487E-02
   15706.0  4.370176E-02
   15744.0  4.259209E-02
   15782.0  4.151470E-02
   15820.0  4.046260E-02
   15858.0  3.943942E-02
   15896.0  3.844587E-02
   15934.0  3.748102E-02
   15972.0  3.654388E-02
   16010.0  3.563353E-02
   16048.0  3.474874E-02
   16086.0  3.388400E-02
   16124.0  3.304388E-02
   16162.0  3.222747E-02
   16200.0  3.143407E-02
   16238.0  3.066289E-02
   16276.0  2.991325E-02
   16314.0  2.918352E-02
   16352.0  2.847109E-02
   16390.0  2.777838E-02
   16428.0  2.710476E-02
   16466.0  2.644966E-02
   16504.0  2.581247E-02
   16542.0  2.519263E-02
   16580.0  2.458878E-02
   16618.0  2.399929E-02
   16656.0  2.342574E-02
   16694.0  2.286762E-02
   16732.0  2.232445E-02
   16770.0  2.179577E-02
   16808.0  2.128116E-02
   16846.0  2.077967E-02
   16884.0  2.028985E-02
   16922.0  1.981295E-02
   16960.0  1.934858E-02
   16998.0  1.889638E-02
   17036.0  1.845595E-02
   17074.0  1.802696E-02
   17112.0  1.760897E-02
   17150.0  1.720037E-02
   17188.0  1.680229E-02
   17226.0  1.641445E-02
   17264.0  1.603653E-02
   17302.0  1.566824E-02
   17340.0  1.530931E-02
   17378.0  1.495947E-02
   17416.0  1.461758E-02
   17454.0  1.428407E-02
   17492.0  1.395894E-02
   17530.0  1.364197E-02
   17568.0  1.333291E-02
   17606.0  1.303154E-02
   17644.0  1.273765E-02
   17682.0  1.245069E-02
   17720.0  1.217033E-02
   17758.0  1.189687E-02
   17796.0  1.163012E-02
   17834.0  1.136991E-02
   17872.0  1.111606E-02
   17910.0  1.086837E-02
   17948.0  1.062670E-02
   17986.0  1.039033E-02
   18024.0  1.015960E-02
   18062.0  9.934432E-03
   18100.0  9.714679E-03
   18138.0  9.500190E-03
   18176.0  9.290834E-03
   18214.0  9.086470E-03
   18252.0  8.886854E-03
   18290.0  8.691629E-03
   18328.0  8.501026E-03
   18366.0  8.314932E-03
   18404.0  8.133225E-03
   18442.0  7.955793E-03
   18480.0  7.782524E-03
   18518.0  7.613305E-03
   18556.0  7.447879E-03
   18594.0  7.286124E-03
   18632.0  7.128133E-03
   18670.0  6.973812E-03
   18708.0  6.823066E-03
   18746.0  6.675801E-03
   18784.0  6.531933E-03
   18822.0  6.391374E-03
   18860.0  6.253888E-03
   18898.0  6.119440E-03
   18936.0  5.988074E-03
   18974.0  5.859709E-03
   19012.0  5.734268E-03
   19050.0  5.611678E-03
   19088.0  5.491870E-03
   19126.0  5.374776E-03
   19164.0  5.260221E-03
   19202.0  5.148160E-03
   19240.0  5.038629E-03
   19278.0  4.931561E-03
   19316.0  4.826895E-03
   19354.0  4.724578E-03
   19392.0  4.624549E-03
   19430.0  4.526753E-03
   19468.0  4.431074E-03
   19506.0  4.337435E-03
   19544.0  4.245879E-03
   19582.0  4.156358E-03
   19620.0  4.068817E-03
   19658.0  3.983214E-03
   19696.0  3.899500E-03
   19734.0  3.817630E-03
   19772.0  3.737549E-03
   19810.0  3.659127E-03
   19848.0  3.582429E-03
   19886.0  3.507412E-03
   19924.0  3.434037E-03
   19962.0  3.362264E-03
   20000.0  3.292059E-03
