   1000.00  0.922061
   1038.00  0.922270
   1076.00  0.922448
   1114.00  0.922533
   1152.00  0.922542
   1190.00  0.922490
   1228.00  0.922386
   1266.00  0.922280
   1304.00  0.922162
   1342.00  0.921975
   1380.00  0.921719
   1418.00  0.921387
   1456.00  0.920986
   1494.00  0.920524
   1532.00  0.919999
   1570.00  0.919365
   1608.00  0.918598
   1646.00  0.917685
   1684.00  0.916572
   1722.00  0.915256
   1760.00  0.913694
   1798.00  0.911747
   1836.00  0.909270
   1874.00  0.905898
   1912.00  0.901084
   1950.00  0.893688
   1988.00  0.880148
   2026.00  0.827977
   2064.00  0.701398
   2102.00  0.654027
   2140.00  0.696359
   2178.00  0.730020
   2216.00  0.745653
   2254.00  0.756060
   2292.00  0.763728
   2330.00  0.769641
   2368.00  0.774280
   2406.00  0.777878
   2444.00  0.780461
   2482.00  0.781750
   2520.00  0.779726
   2558.00  0.736760
   2596.00  0.767947
   2634.00  0.774511
   2672.00  0.778962
   2710.00  0.782470
   2748.00  0.785373
   2786.00  0.787723
   2824.00  0.789570
   2862.00  0.790604
   2900.00  0.784490
   2938.00  0.784619
   2976.00  0.788209
   3014.00  0.790539
   3052.00  0.792472
   3090.00  0.794052
   3128.00  0.794808
   3166.00  0.791623
   3204.00  0.790340
   3242.00  0.794486
   3280.00  0.796231
   3318.00  0.797712
   3356.00  0.799087
   3394.00  0.800382
   3432.00  0.801599
   3470.00  0.802747
   3508.00  0.803855
   3546.00  0.804921
   3584.00  0.805932
   3622.00  0.806916
   3660.00  0.807869
   3698.00  0.808781
   3736.00  0.809672
   3774.00  0.810538
   3812.00  0.811375
   3850.00  0.812192
   3888.00  0.812978
   3926.00  0.813748
   3964.00  0.814499
   4002.00  0.815230
   4040.00  0.815949
   4078.00  0.816638
   4116.00  0.817318
   4154.00  0.817986
   4192.00  0.818637
   4230.00  0.819275
   4268.00  0.819896
   4306.00  0.820507
   4344.00  0.821099
   4382.00  0.821683
   4420.00  0.822253
   4458.00  0.822812
   4496.00  0.823359
   4534.00  0.823895
   4572.00  0.824419
   4610.00  0.824934
   4648.00  0.825439
   4686.00  0.825933
   4724.00  0.826417
   4762.00  0.826891
   4800.00  0.827357
   4838.00  0.827813
   4876.00  0.828260
   4914.00  0.828699
   4952.00  0.829129
   4990.00  0.829551
   5028.00  0.829964
   5066.00  0.830370
   5104.00  0.830766
   5142.00  0.831156
   5180.00  0.831536
   5218.00  0.831911
   5256.00  0.832277
   5294.00  0.832637
   5332.00  0.832988
   5370.00  0.833333
   5408.00  0.833670
   5446.00  0.834000
   5484.00  0.834324
   5522.00  0.834639
   5560.00  0.834949
   5598.00  0.835251
   5636.00  0.835548
   5674.00  0.835838
   5712.00  0.836121
   5750.00  0.836399
   5788.00  0.836669
   5826.00  0.836934
   5864.00  0.837192
   5902.00  0.837444
   5940.00  0.837690
   5978.00  0.837929
   6016.00  0.838163
   6054.00  0.838391
   6092.00  0.838612
   6130.00  0.838828
   6168.00  0.839037
   6206.00  0.839240
   6244.00  0.839438
   6282.00  0.839629
   6320.00  0.839815
   6358.00  0.839994
   6396.00  0.840168
   6434.00  0.840336
   6472.00  0.840498
   6510.00  0.840656
   6548.00  0.840807
   6586.00  0.840952
   6624.00  0.841092
   6662.00  0.841226
   6700.00  0.841354
   6738.00  0.841477
   6776.00  0.841594
   6814.00  0.841705
   6852.00  0.841811
   6890.00  0.841911
   6928.00  0.842006
   6966.00  0.842097
   7004.00  0.842179
   7042.00  0.842256
   7080.00  0.842328
   7118.00  0.842392
   7156.00  0.842452
   7194.00  0.842507
   7232.00  0.842553
   7270.00  0.842594
   7308.00  0.842630
   7346.00  0.842659
   7384.00  0.842684
   7422.00  0.842703
   7460.00  0.842714
   7498.00  0.842720
   7536.00  0.842720
   7574.00  0.842713
   7612.00  0.842699
   7650.00  0.842680
   7688.00  0.842655
   7726.00  0.842623
   7764.00  0.842586
   7802.00  0.842542
   7840.00  0.842491
   7878.00  0.842434
   7916.00  0.842371
   7954.00  0.842298
   7992.00  0.842220
   8030.00  0.842136
   8068.00  0.842044
   8106.00  0.841944
   8144.00  0.841839
   8182.00  0.841727
   8220.00  0.841604
   8258.00  0.841475
   8296.00  0.841340
   8334.00  0.841196
   8372.00  0.841043
   8410.00  0.840884
   8448.00  0.840718
   8486.00  0.840539
   8524.00  0.840353
   8562.00  0.840160
   8600.00  0.839958
   8638.00  0.839747
   8676.00  0.839528
   8714.00  0.839302
   8752.00  0.839061
   8790.00  0.838812
   8828.00  0.838554
   8866.00  0.838288
   8904.00  0.838007
   8942.00  0.837719
   8980.00  0.837422
   9018.00  0.837112
   9056.00  0.836787
   9094.00  0.836453
   9132.00  0.836111
   9170.00  0.835753
   9208.00  0.835380
   9246.00  0.834998
   9284.00  0.834605
   9322.00  0.834194
   9360.00  0.833766
   9398.00  0.833328
   9436.00  0.832878
   9474.00  0.832407
   9512.00  0.831919
   9550.00  0.831418
   9588.00  0.830905
   9626.00  0.830366
   9664.00  0.829805
   9702.00  0.829230
   9740.00  0.828641
   9778.00  0.828025
   9816.00  0.827382
   9854.00  0.826724
   9892.00  0.826050
   9930.00  0.825354
   9968.00  0.824635
   10006.0  0.823898
   10044.0  0.823142
   10082.0  0.822358
   10120.0  0.821510
   10158.0  0.820640
   10196.0  0.819748
   10234.0  0.818832
   10272.0  0.817830
   10310.0  0.816792
   10348.0  0.815727
   10386.0  0.814632
   10424.0  0.813451
   10462.0  0.812183
   10500.0  0.810879
   10538.0  0.809537
   10576.0  0.808141
   10614.0  0.806528
   10652.0  0.804865
   10690.0  0.803149
   10728.0  0.801379
   10766.0  0.799317
   10804.0  0.797011
   10842.0  0.794621
   10880.0  0.792142
   10918.0  0.789553
   10956.0  0.785509
   10994.0  0.781254
   11032.0  0.776771
   11070.0  0.772038
   11108.0  0.753105
   11146.0  0.694251
   11184.0  0.591575
   11222.0  0.295938
   11260.0  0.452729
   11298.0  0.501697
   11336.0  0.507387
   11374.0  0.512970
   11412.0  0.518447
   11450.0  0.523823
   11488.0  0.524882
   11526.0  0.525125
   11564.0  0.525327
   11602.0  0.525489
   11640.0  0.525612
   11678.0  0.524378
   11716.0  0.523039
   11754.0  0.521640
   11792.0  0.520175
   11830.0  0.518635
   11868.0  0.516263
   11906.0  0.513802
   11944.0  0.511247
   11982.0  0.508596
   12020.0  0.505845
   12058.0  0.502367
   12096.0  0.498746
   12134.0  0.494991
   12172.0  0.491096
   12210.0  0.487055
   12248.0  0.482226
   12286.0  0.477107
   12324.0  0.471793
   12362.0  0.466274
   12400.0  0.460545
   12438.0  0.453674
   12476.0  0.446053
   12514.0  0.438132
   12552.0  0.429905
   12590.0  0.421367
   12628.0  0.407623
   12666.0  0.385003
   12704.0  0.361450
   12742.0  0.337292
   12780.0  0.312954
   12818.0  0.282477
   12856.0  0.188342
   12894.0  0.206496
   12932.0  0.225799
   12970.0  0.246107
   13008.0  0.267246
   13046.0  0.274778
   13084.0  0.270896
   13122.0  0.266972
   13160.0  0.263010
   13198.0  0.259013
   13236.0  0.254858
   13274.0  0.238945
   13312.0  0.223578
   13350.0  0.208866
   13388.0  0.194892
   13426.0  0.182361
   13464.0  0.204184
   13502.0  0.202519
   13540.0  0.200828
   13578.0  0.199112
   13616.0  0.197373
   13654.0  0.195611
   13692.0  0.192684
   13730.0  0.189165
   13768.0  0.185672
   13806.0  0.182208
   13844.0  0.178777
   13882.0  0.175380
   13920.0  0.171707
   13958.0  0.168024
   13996.0  0.164399
   14034.0  0.160833
   14072.0  0.157328
   14110.0  0.153885
   14148.0  0.150340
   14186.0  0.146854
   14224.0  0.143442
   14262.0  0.140103
   14300.0  0.136839
   14338.0  0.133648
   14376.0  0.130438
   14414.0  0.127299
   14452.0  0.124237
   14490.0  0.121251
   14528.0  0.118342
   14566.0  0.115507
   14604.0  0.112694
   14642.0  0.109944
   14680.0  0.107268
   14718.0  0.104665
   14756.0  0.102132
   14794.0  9.966858E-02
   14832.0  9.724744E-02
   14870.0  9.487800E-02
   14908.0  9.257467E-02
   14946.0  9.033568E-02
   14984.0  8.815932E-02
   15022.0  8.604373E-02
   15060.0  8.397869E-02
   15098.0  8.195279E-02
   15136.0  7.998422E-02
   15174.0  7.807105E-02
   15212.0  7.621172E-02
   15250.0  7.440446E-02
   15288.0  7.264779E-02
   15326.0  7.092336E-02
   15364.0  6.924555E-02
   15402.0  6.761480E-02
   15440.0  6.602949E-02
   15478.0  6.448822E-02
   15516.0  6.298963E-02
   15554.0  6.152719E-02
   15592.0  6.009731E-02
   15630.0  5.870684E-02
   15668.0  5.735468E-02
   15706.0  5.603940E-02
   15744.0  5.475995E-02
   15782.0  5.351511E-02
   15820.0  5.229666E-02
   15858.0  5.110912E-02
   15896.0  4.995353E-02
   15934.0  4.882895E-02
   15972.0  4.773434E-02
   16010.0  4.666878E-02
   16048.0  4.563091E-02
   16086.0  4.461414E-02
   16124.0  4.362420E-02
   16162.0  4.266014E-02
   16200.0  4.172123E-02
   16238.0  4.080666E-02
   16276.0  3.991572E-02
   16314.0  3.904653E-02
   16352.0  3.819593E-02
   16390.0  3.736709E-02
   16428.0  3.655933E-02
   16466.0  3.577207E-02
   16504.0  3.500466E-02
   16542.0  3.425652E-02
   16580.0  3.352603E-02
   16618.0  3.281122E-02
   16656.0  3.211422E-02
   16694.0  3.143448E-02
   16732.0  3.077146E-02
   16770.0  3.012471E-02
   16808.0  2.949378E-02
   16846.0  2.887753E-02
   16884.0  2.827419E-02
   16922.0  2.768544E-02
   16960.0  2.711089E-02
   16998.0  2.655012E-02
   17036.0  2.600273E-02
   17074.0  2.546836E-02
   17112.0  2.494651E-02
   17150.0  2.443512E-02
   17188.0  2.393578E-02
   17226.0  2.344817E-02
   17264.0  2.297195E-02
   17302.0  2.250680E-02
   17340.0  2.205245E-02
   17378.0  2.160858E-02
   17416.0  2.117373E-02
   17454.0  2.074856E-02
   17492.0  2.033312E-02
   17530.0  1.992714E-02
   17568.0  1.953039E-02
   17606.0  1.914262E-02
   17644.0  1.876359E-02
   17682.0  1.839262E-02
   17720.0  1.802927E-02
   17758.0  1.767405E-02
   17796.0  1.732673E-02
   17834.0  1.698712E-02
   17872.0  1.665503E-02
   17910.0  1.633024E-02
   17948.0  1.601259E-02
   17986.0  1.570113E-02
   18024.0  1.539635E-02
   18062.0  1.509822E-02
   18100.0  1.480656E-02
   18138.0  1.452120E-02
   18176.0  1.424201E-02
   18214.0  1.396882E-02
   18252.0  1.370132E-02
   18290.0  1.343904E-02
   18328.0  1.318235E-02
   18366.0  1.293112E-02
   18404.0  1.268522E-02
   18442.0  1.244452E-02
   18480.0  1.220889E-02
   18518.0  1.197820E-02
   18556.0  1.175212E-02
   18594.0  1.153049E-02
   18632.0  1.131348E-02
   18670.0  1.110099E-02
   18708.0  1.089290E-02
   18746.0  1.068912E-02
   18784.0  1.048954E-02
   18822.0  1.029407E-02
   18860.0  1.010237E-02
   18898.0  9.914431E-03
   18936.0  9.730336E-03
   18974.0  9.549995E-03
   19012.0  9.373317E-03
   19050.0  9.200217E-03
   19088.0  9.030617E-03
   19126.0  8.864438E-03
   19164.0  8.701434E-03
   19202.0  8.541564E-03
   19240.0  8.384903E-03
   19278.0  8.231371E-03
   19316.0  8.080899E-03
   19354.0  7.933425E-03
   19392.0  7.788876E-03
   19430.0  7.647189E-03
   19468.0  7.508202E-03
   19506.0  7.371815E-03
   19544.0  7.238114E-03
   19582.0  7.107042E-03
   19620.0  6.978536E-03
   19658.0  6.852543E-03
   19696.0  6.729010E-03
   19734.0  6.607877E-03
   19772.0  6.489078E-03
   19810.0  6.372419E-03
   19848.0  6.258021E-03
   19886.0  6.145834E-03
   19924.0  6.035810E-03
   19962.0  5.927902E-03
   20000.0  5.822068E-03
