   1000.00  0.925482
   1038.00  0.925689
   1076.00  0.925863
   1114.00  0.925946
   1152.00  0.925953
   1190.00  0.925899
   1228.00  0.925796
   1266.00  0.925688
   1304.00  0.925568
   1342.00  0.925378
   1380.00  0.925120
   1418.00  0.924789
   1456.00  0.924388
   1494.00  0.923927
   1532.00  0.923403
   1570.00  0.922771
   1608.00  0.922008
   1646.00  0.921102
   1684.00  0.919997
   1722.00  0.918691
   1760.00  0.917140
   1798.00  0.915209
   1836.00  0.912751
   1874.00  0.909409
   1912.00  0.904638
   1950.00  0.897308
   1988.00  0.883880
   2026.00  0.832041
   2064.00  0.710164
   2102.00  0.662862
   2140.00  0.707604
   2178.00  0.740999
   2216.00  0.756460
   2254.00  0.766729
   2292.00  0.774279
   2330.00  0.780089
   2368.00  0.784638
   2406.00  0.788155
   2444.00  0.790669
   2482.00  0.791901
   2520.00  0.789852
   2558.00  0.748189
   2596.00  0.779081
   2634.00  0.785532
   2672.00  0.789889
   2710.00  0.793314
   2748.00  0.796139
   2786.00  0.798419
   2824.00  0.800202
   2862.00  0.801182
   2900.00  0.795086
   2938.00  0.795586
   2976.00  0.799103
   3014.00  0.801372
   3052.00  0.803250
   3090.00  0.804779
   3128.00  0.805494
   3166.00  0.802309
   3204.00  0.801254
   3242.00  0.805331
   3280.00  0.807033
   3318.00  0.808473
   3356.00  0.809809
   3394.00  0.811065
   3432.00  0.812244
   3470.00  0.813355
   3508.00  0.814427
   3546.00  0.815456
   3584.00  0.816432
   3622.00  0.817381
   3660.00  0.818300
   3698.00  0.819178
   3736.00  0.820036
   3774.00  0.820869
   3812.00  0.821673
   3850.00  0.822457
   3888.00  0.823211
   3926.00  0.823950
   3964.00  0.824670
   4002.00  0.825371
   4040.00  0.826059
   4078.00  0.826719
   4116.00  0.827370
   4154.00  0.828008
   4192.00  0.828631
   4230.00  0.829240
   4268.00  0.829833
   4306.00  0.830416
   4344.00  0.830981
   4382.00  0.831538
   4420.00  0.832081
   4458.00  0.832614
   4496.00  0.833134
   4534.00  0.833645
   4572.00  0.834144
   4610.00  0.834634
   4648.00  0.835114
   4686.00  0.835584
   4724.00  0.836044
   4762.00  0.836495
   4800.00  0.836937
   4838.00  0.837370
   4876.00  0.837795
   4914.00  0.838211
   4952.00  0.838619
   4990.00  0.839020
   5028.00  0.839411
   5066.00  0.839796
   5104.00  0.840171
   5142.00  0.840540
   5180.00  0.840901
   5218.00  0.841256
   5256.00  0.841602
   5294.00  0.841943
   5332.00  0.842275
   5370.00  0.842601
   5408.00  0.842920
   5446.00  0.843232
   5484.00  0.843538
   5522.00  0.843835
   5560.00  0.844128
   5598.00  0.844413
   5636.00  0.844693
   5674.00  0.844967
   5712.00  0.845235
   5750.00  0.845497
   5788.00  0.845751
   5826.00  0.846000
   5864.00  0.846243
   5902.00  0.846481
   5940.00  0.846713
   5978.00  0.846938
   6016.00  0.847158
   6054.00  0.847372
   6092.00  0.847580
   6130.00  0.847783
   6168.00  0.847979
   6206.00  0.848170
   6244.00  0.848355
   6282.00  0.848535
   6320.00  0.848709
   6358.00  0.848877
   6396.00  0.849039
   6434.00  0.849197
   6472.00  0.849349
   6510.00  0.849496
   6548.00  0.849638
   6586.00  0.849773
   6624.00  0.849904
   6662.00  0.850029
   6700.00  0.850147
   6738.00  0.850262
   6776.00  0.850370
   6814.00  0.850473
   6852.00  0.850572
   6890.00  0.850664
   6928.00  0.850752
   6966.00  0.850836
   7004.00  0.850911
   7042.00  0.850981
   7080.00  0.851047
   7118.00  0.851106
   7156.00  0.851160
   7194.00  0.851209
   7232.00  0.851250
   7270.00  0.851287
   7308.00  0.851319
   7346.00  0.851344
   7384.00  0.851364
   7422.00  0.851380
   7460.00  0.851388
   7498.00  0.851390
   7536.00  0.851388
   7574.00  0.851379
   7612.00  0.851362
   7650.00  0.851342
   7688.00  0.851315
   7726.00  0.851282
   7764.00  0.851243
   7802.00  0.851200
   7840.00  0.851147
   7878.00  0.851090
   7916.00  0.851028
   7954.00  0.850956
   7992.00  0.850878
   8030.00  0.850795
   8068.00  0.850705
   8106.00  0.850607
   8144.00  0.850504
   8182.00  0.850395
   8220.00  0.850275
   8258.00  0.850149
   8296.00  0.850017
   8334.00  0.849877
   8372.00  0.849728
   8410.00  0.849574
   8448.00  0.849413
   8486.00  0.849239
   8524.00  0.849059
   8562.00  0.848873
   8600.00  0.848677
   8638.00  0.848473
   8676.00  0.848261
   8714.00  0.848043
   8752.00  0.847810
   8790.00  0.847569
   8828.00  0.847321
   8866.00  0.847064
   8904.00  0.846793
   8942.00  0.846515
   8980.00  0.846229
   9018.00  0.845930
   9056.00  0.845617
   9094.00  0.845296
   9132.00  0.844965
   9170.00  0.844621
   9208.00  0.844262
   9246.00  0.843894
   9284.00  0.843516
   9322.00  0.843120
   9360.00  0.842708
   9398.00  0.842287
   9436.00  0.841854
   9474.00  0.841401
   9512.00  0.840931
   9550.00  0.840450
   9588.00  0.839956
   9626.00  0.839438
   9664.00  0.838898
   9702.00  0.838345
   9740.00  0.837779
   9778.00  0.837187
   9816.00  0.836568
   9854.00  0.835935
   9892.00  0.835287
   9930.00  0.834618
   9968.00  0.833926
   10006.0  0.833217
   10044.0  0.832490
   10082.0  0.831735
   10120.0  0.830919
   10158.0  0.830082
   10196.0  0.829224
   10234.0  0.828343
   10272.0  0.827378
   10310.0  0.826379
   10348.0  0.825353
   10386.0  0.824299
   10424.0  0.823162
   10462.0  0.821940
   10500.0  0.820684
   10538.0  0.819392
   10576.0  0.818047
   10614.0  0.816490
   10652.0  0.814887
   10690.0  0.813232
   10728.0  0.811526
   10766.0  0.809534
   10804.0  0.807307
   10842.0  0.804998
   10880.0  0.802603
   10918.0  0.800103
   10956.0  0.796184
   10994.0  0.792061
   11032.0  0.787717
   11070.0  0.783131
   11108.0  0.764699
   11146.0  0.707253
   11184.0  0.606631
   11222.0  0.313891
   11260.0  0.472231
   11298.0  0.521213
   11336.0  0.526933
   11374.0  0.532542
   11412.0  0.538042
   11450.0  0.543437
   11488.0  0.544537
   11526.0  0.544824
   11564.0  0.545073
   11602.0  0.545282
   11640.0  0.545453
   11678.0  0.544275
   11716.0  0.542995
   11754.0  0.541655
   11792.0  0.540251
   11830.0  0.538774
   11868.0  0.536470
   11906.0  0.534079
   11944.0  0.531596
   11982.0  0.529018
   12020.0  0.526341
   12058.0  0.522943
   12096.0  0.519404
   12134.0  0.515732
   12172.0  0.511922
   12210.0  0.507966
   12248.0  0.503227
   12286.0  0.498200
   12324.0  0.492978
   12362.0  0.487552
   12400.0  0.481915
   12438.0  0.475140
   12476.0  0.467614
   12514.0  0.459786
   12552.0  0.451647
   12590.0  0.443193
   12628.0  0.429523
   12666.0  0.406928
   12704.0  0.383332
   12742.0  0.359050
   12780.0  0.334497
   12818.0  0.303587
   12856.0  0.207117
   12894.0  0.226135
   12932.0  0.246258
   12970.0  0.267327
   13008.0  0.289157
   13046.0  0.296967
   13084.0  0.293073
   13122.0  0.289133
   13160.0  0.285152
   13198.0  0.281131
   13236.0  0.276945
   13274.0  0.260626
   13312.0  0.244811
   13350.0  0.229614
   13388.0  0.215125
   13426.0  0.202287
   13464.0  0.225224
   13502.0  0.223571
   13540.0  0.221889
   13578.0  0.220180
   13616.0  0.218447
   13654.0  0.216688
   13692.0  0.213708
   13730.0  0.210103
   13768.0  0.206520
   13806.0  0.202964
   13844.0  0.199438
   13882.0  0.195942
   13920.0  0.192150
   13958.0  0.188342
   13996.0  0.184588
   14034.0  0.180891
   14072.0  0.177253
   14110.0  0.173674
   14148.0  0.169980
   14186.0  0.166342
   14224.0  0.162777
   14262.0  0.159284
   14300.0  0.155863
   14338.0  0.152515
   14376.0  0.149140
   14414.0  0.145833
   14452.0  0.142603
   14490.0  0.139450
   14528.0  0.136372
   14566.0  0.133369
   14604.0  0.130383
   14642.0  0.127459
   14680.0  0.124610
   14718.0  0.121834
   14756.0  0.119129
   14794.0  0.116493
   14832.0  0.113899
   14870.0  0.111355
   14908.0  0.108879
   14946.0  0.106468
   14984.0  0.104120
   15022.0  0.101835
   15060.0  9.960043E-02
   15098.0  9.740417E-02
   15136.0  9.526667E-02
   15174.0  9.318603E-02
   15212.0  9.116071E-02
   15250.0  8.918898E-02
   15288.0  8.726939E-02
   15326.0  8.538139E-02
   15364.0  8.354140E-02
   15402.0  8.175014E-02
   15440.0  8.000597E-02
   15478.0  7.830751E-02
   15516.0  7.665341E-02
   15554.0  7.503638E-02
   15592.0  7.345247E-02
   15630.0  7.190970E-02
   15668.0  7.040696E-02
   15706.0  6.894282E-02
   15744.0  6.751623E-02
   15782.0  6.612594E-02
   15820.0  6.476257E-02
   15858.0  6.343150E-02
   15896.0  6.213409E-02
   15934.0  6.086940E-02
   15972.0  5.963638E-02
   16010.0  5.843407E-02
   16048.0  5.726104E-02
   16086.0  5.610964E-02
   16124.0  5.498674E-02
   16162.0  5.389135E-02
   16200.0  5.282274E-02
   16238.0  5.178009E-02
   16276.0  5.076267E-02
   16314.0  4.976834E-02
   16352.0  4.879343E-02
   16390.0  4.784184E-02
   16428.0  4.691289E-02
   16466.0  4.600596E-02
   16504.0  4.512040E-02
   16542.0  4.425558E-02
   16580.0  4.340966E-02
   16618.0  4.258035E-02
   16656.0  4.177029E-02
   16694.0  4.097893E-02
   16732.0  4.020570E-02
   16770.0  3.945015E-02
   16808.0  3.871178E-02
   16846.0  3.798931E-02
   16884.0  3.728061E-02
   16922.0  3.658784E-02
   16960.0  3.591060E-02
   16998.0  3.524843E-02
   17036.0  3.460093E-02
   17074.0  3.396772E-02
   17112.0  3.334824E-02
   17150.0  3.273999E-02
   17188.0  3.214500E-02
   17226.0  3.156296E-02
   17264.0  3.099350E-02
   17302.0  3.043630E-02
   17340.0  2.989105E-02
   17378.0  2.935743E-02
   17416.0  2.883363E-02
   17454.0  2.832053E-02
   17492.0  2.781827E-02
   17530.0  2.732657E-02
   17568.0  2.684518E-02
   17606.0  2.637382E-02
   17644.0  2.591224E-02
   17682.0  2.545962E-02
   17720.0  2.501545E-02
   17758.0  2.458039E-02
   17796.0  2.415425E-02
   17834.0  2.373680E-02
   17872.0  2.332783E-02
   17910.0  2.292712E-02
   17948.0  2.253448E-02
   17986.0  2.214872E-02
   18024.0  2.177053E-02
   18062.0  2.139988E-02
   18100.0  2.103661E-02
   18138.0  2.068052E-02
   18176.0  2.033146E-02
   18214.0  1.998927E-02
   18252.0  1.965356E-02
   18290.0  1.932373E-02
   18328.0  1.900032E-02
   18366.0  1.868319E-02
   18404.0  1.837219E-02
   18442.0  1.806718E-02
   18480.0  1.776803E-02
   18518.0  1.747459E-02
   18556.0  1.718643E-02
   18594.0  1.690338E-02
   18632.0  1.662569E-02
   18670.0  1.635326E-02
   18708.0  1.608596E-02
   18746.0  1.582368E-02
   18784.0  1.556631E-02
   18822.0  1.531373E-02
   18860.0  1.506553E-02
   18898.0  1.482170E-02
   18936.0  1.458238E-02
   18974.0  1.434749E-02
   19012.0  1.411690E-02
   19050.0  1.389054E-02
   19088.0  1.366832E-02
   19126.0  1.345014E-02
   19164.0  1.323569E-02
   19202.0  1.302493E-02
   19240.0  1.281798E-02
   19278.0  1.261475E-02
   19316.0  1.241518E-02
   19354.0  1.221919E-02
   19392.0  1.202669E-02
   19430.0  1.183762E-02
   19468.0  1.165177E-02
   19506.0  1.146900E-02
   19544.0  1.128947E-02
   19582.0  1.111311E-02
   19620.0  1.093985E-02
   19658.0  1.076962E-02
   19696.0  1.060237E-02
   19734.0  1.043804E-02
   19772.0  1.027653E-02
   19810.0  1.011758E-02
   19848.0  9.961392E-03
   19886.0  9.807899E-03
   19924.0  9.657051E-03
   19962.0  9.508795E-03
   20000.0  9.363081E-03
