   1000.00  0.913491
   1038.00  0.913708
   1076.00  0.913898
   1114.00  0.913989
   1152.00  0.913997
   1190.00  0.913939
   1228.00  0.913827
   1266.00  0.913713
   1304.00  0.913590
   1342.00  0.913391
   1380.00  0.913119
   1418.00  0.912766
   1456.00  0.912338
   1494.00  0.911845
   1532.00  0.911287
   1570.00  0.910610
   1608.00  0.909792
   1646.00  0.908818
   1684.00  0.907629
   1722.00  0.906223
   1760.00  0.904555
   1798.00  0.902479
   1836.00  0.899835
   1874.00  0.896237
   1912.00  0.891101
   1950.00  0.883217
   1988.00  0.868802
   2026.00  0.813493
   2064.00  0.676088
   2102.00  0.626963
   2140.00  0.668005
   2178.00  0.703208
   2216.00  0.719644
   2254.00  0.730621
   2292.00  0.738731
   2330.00  0.744999
   2368.00  0.749928
   2406.00  0.753761
   2444.00  0.756523
   2482.00  0.757919
   2520.00  0.755817
   2558.00  0.709506
   2596.00  0.742323
   2634.00  0.749287
   2672.00  0.754028
   2710.00  0.757774
   2748.00  0.760879
   2786.00  0.763401
   2824.00  0.765390
   2862.00  0.766517
   2900.00  0.760082
   2938.00  0.759775
   2976.00  0.763598
   3014.00  0.766089
   3052.00  0.768158
   3090.00  0.769853
   3128.00  0.770674
   3166.00  0.767316
   3204.00  0.765697
   3242.00  0.770101
   3280.00  0.771960
   3318.00  0.773540
   3356.00  0.775008
   3394.00  0.776392
   3432.00  0.777692
   3470.00  0.778920
   3508.00  0.780106
   3546.00  0.781246
   3584.00  0.782328
   3622.00  0.783381
   3660.00  0.784402
   3698.00  0.785379
   3736.00  0.786333
   3774.00  0.787261
   3812.00  0.788157
   3850.00  0.789031
   3888.00  0.789872
   3926.00  0.790697
   3964.00  0.791500
   4002.00  0.792283
   4040.00  0.793052
   4078.00  0.793789
   4116.00  0.794516
   4154.00  0.795230
   4192.00  0.795926
   4230.00  0.796607
   4268.00  0.797269
   4306.00  0.797921
   4344.00  0.798552
   4382.00  0.799175
   4420.00  0.799781
   4458.00  0.800377
   4496.00  0.800958
   4534.00  0.801527
   4572.00  0.802084
   4610.00  0.802629
   4648.00  0.803165
   4686.00  0.803688
   4724.00  0.804200
   4762.00  0.804701
   4800.00  0.805191
   4838.00  0.805672
   4876.00  0.806143
   4914.00  0.806604
   4952.00  0.807055
   4990.00  0.807498
   5028.00  0.807930
   5066.00  0.808353
   5104.00  0.808767
   5142.00  0.809172
   5180.00  0.809568
   5218.00  0.809957
   5256.00  0.810335
   5294.00  0.810707
   5332.00  0.811069
   5370.00  0.811423
   5408.00  0.811769
   5446.00  0.812106
   5484.00  0.812437
   5522.00  0.812757
   5560.00  0.813071
   5598.00  0.813376
   5636.00  0.813675
   5674.00  0.813966
   5712.00  0.814249
   5750.00  0.814526
   5788.00  0.814793
   5826.00  0.815055
   5864.00  0.815308
   5902.00  0.815555
   5940.00  0.815795
   5978.00  0.816026
   6016.00  0.816251
   6054.00  0.816468
   6092.00  0.816678
   6130.00  0.816882
   6168.00  0.817077
   6206.00  0.817265
   6244.00  0.817447
   6282.00  0.817621
   6320.00  0.817789
   6358.00  0.817948
   6396.00  0.818100
   6434.00  0.818247
   6472.00  0.818386
   6510.00  0.818518
   6548.00  0.818644
   6586.00  0.818762
   6624.00  0.818873
   6662.00  0.818977
   6700.00  0.819073
   6738.00  0.819164
   6776.00  0.819246
   6814.00  0.819322
   6852.00  0.819391
   6890.00  0.819453
   6928.00  0.819508
   6966.00  0.819558
   7004.00  0.819597
   7042.00  0.819629
   7080.00  0.819656
   7118.00  0.819673
   7156.00  0.819683
   7194.00  0.819687
   7232.00  0.819680
   7270.00  0.819667
   7308.00  0.819648
   7346.00  0.819619
   7384.00  0.819584
   7422.00  0.819542
   7460.00  0.819490
   7498.00  0.819431
   7536.00  0.819364
   7574.00  0.819288
   7612.00  0.819203
   7650.00  0.819111
   7688.00  0.819010
   7726.00  0.818901
   7764.00  0.818784
   7802.00  0.818659
   7840.00  0.818524
   7878.00  0.818380
   7916.00  0.818229
   7954.00  0.818065
   7992.00  0.817892
   8030.00  0.817712
   8068.00  0.817521
   8106.00  0.817319
   8144.00  0.817109
   8182.00  0.816891
   8220.00  0.816657
   8258.00  0.816415
   8296.00  0.816163
   8334.00  0.815899
   8372.00  0.815623
   8410.00  0.815338
   8448.00  0.815042
   8486.00  0.814730
   8524.00  0.814406
   8562.00  0.814073
   8600.00  0.813727
   8638.00  0.813366
   8676.00  0.812995
   8714.00  0.812612
   8752.00  0.812210
   8790.00  0.811794
   8828.00  0.811365
   8866.00  0.810924
   8904.00  0.810462
   8942.00  0.809987
   8980.00  0.809499
   9018.00  0.808993
   9056.00  0.808465
   9094.00  0.807921
   9132.00  0.807364
   9170.00  0.806784
   9208.00  0.806182
   9246.00  0.805564
   9284.00  0.804929
   9322.00  0.804267
   9360.00  0.803580
   9398.00  0.802875
   9436.00  0.802151
   9474.00  0.801394
   9512.00  0.800611
   9550.00  0.799806
   9588.00  0.798980
   9626.00  0.798114
   9664.00  0.797214
   9702.00  0.796290
   9740.00  0.795341
   9778.00  0.794349
   9816.00  0.793315
   9854.00  0.792252
   9892.00  0.791160
   9930.00  0.790030
   9968.00  0.788857
   10006.0  0.787650
   10044.0  0.786408
   10082.0  0.785116
   10120.0  0.783729
   10158.0  0.782299
   10196.0  0.780824
   10234.0  0.779303
   10272.0  0.777650
   10310.0  0.775931
   10348.0  0.774155
   10386.0  0.772319
   10424.0  0.770343
   10462.0  0.768223
   10500.0  0.766026
   10538.0  0.763748
   10576.0  0.761361
   10614.0  0.758636
   10652.0  0.755799
   10690.0  0.752842
   10728.0  0.749758
   10766.0  0.746195
   10804.0  0.742208
   10842.0  0.738019
   10880.0  0.733608
   10918.0  0.728936
   10956.0  0.721881
   10994.0  0.714296
   11032.0  0.706111
   11070.0  0.697245
   11108.0  0.662977
   11146.0  0.541496
   11184.0  0.328782
   11222.0  0.171965
   11260.0  0.324364
   11298.0  0.383832
   11336.0  0.389704
   11374.0  0.395495
   11412.0  0.401206
   11450.0  0.406838
   11488.0  0.406778
   11526.0  0.405613
   11564.0  0.404369
   11602.0  0.403047
   11640.0  0.401644
   11678.0  0.398372
   11716.0  0.394917
   11754.0  0.391338
   11792.0  0.387627
   11830.0  0.383772
   11868.0  0.378735
   11906.0  0.373532
   11944.0  0.368163
   11982.0  0.362629
   12020.0  0.356927
   12058.0  0.350216
   12096.0  0.343305
   12134.0  0.336221
   12172.0  0.328971
   12210.0  0.321567
   12248.0  0.313204
   12286.0  0.304582
   12324.0  0.295857
   12362.0  0.287058
   12400.0  0.278218
   12438.0  0.268330
   12476.0  0.257980
   12514.0  0.247750
   12552.0  0.237687
   12590.0  0.227834
   12628.0  0.214009
   12666.0  0.194469
   12704.0  0.176592
   12742.0  0.160377
   12780.0  0.145753
   12818.0  0.129440
   12856.0  9.213478E-02
   12894.0  0.100989
   12932.0  0.110659
   12970.0  0.121206
   13008.0  0.132703
   13046.0  0.136497
   13084.0  0.133515
   13122.0  0.130580
   13160.0  0.127693
   13198.0  0.124855
   13236.0  0.121997
   13274.0  0.113068
   13312.0  0.104852
   13350.0  9.729718E-02
   13388.0  9.035297E-02
   13426.0  8.643401E-02
   13464.0  9.680757E-02
   13502.0  9.559137E-02
   13540.0  9.437796E-02
   13578.0  9.316783E-02
   13616.0  9.196284E-02
   13654.0  9.076212E-02
   13692.0  8.902627E-02
   13730.0  8.703948E-02
   13768.0  8.509492E-02
   13806.0  8.319245E-02
   13844.0  8.133152E-02
   13882.0  7.951162E-02
   13920.0  7.759238E-02
   13958.0  7.569388E-02
   13996.0  7.384410E-02
   14034.0  7.204191E-02
   14072.0  7.028610E-02
   14110.0  6.857590E-02
   14148.0  6.683944E-02
   14186.0  6.514514E-02
   14224.0  6.349752E-02
   14262.0  6.189551E-02
   14300.0  6.033773E-02
   14338.0  5.882292E-02
   14376.0  5.731155E-02
   14414.0  5.583985E-02
   14452.0  5.441016E-02
   14490.0  5.302121E-02
   14528.0  5.167179E-02
   14566.0  5.036084E-02
   14604.0  4.906587E-02
   14642.0  4.780366E-02
   14680.0  4.657795E-02
   14718.0  4.538756E-02
   14756.0  4.423141E-02
   14794.0  4.310838E-02
   14832.0  4.200742E-02
   14870.0  4.093193E-02
   14908.0  3.988748E-02
   14946.0  3.887310E-02
   14984.0  3.788784E-02
   15022.0  3.693075E-02
   15060.0  3.599748E-02
   15098.0  3.508327E-02
   15136.0  3.419530E-02
   15174.0  3.333266E-02
   15212.0  3.249457E-02
   15250.0  3.168021E-02
   15288.0  3.088886E-02
   15326.0  3.011301E-02
   15364.0  2.935837E-02
   15402.0  2.862505E-02
   15440.0  2.791229E-02
   15478.0  2.721947E-02
   15516.0  2.654596E-02
   15554.0  2.588907E-02
   15592.0  2.524728E-02
   15630.0  2.462332E-02
   15668.0  2.401665E-02
   15706.0  2.342668E-02
   15744.0  2.285292E-02
   15782.0  2.229482E-02
   15820.0  2.174905E-02
   15858.0  2.121738E-02
   15896.0  2.070019E-02
   15934.0  2.019704E-02
   15972.0  1.970748E-02
   16010.0  1.923111E-02
   16048.0  1.876734E-02
   16086.0  1.831351E-02
   16124.0  1.787186E-02
   16162.0  1.744198E-02
   16200.0  1.702354E-02
   16238.0  1.661619E-02
   16276.0  1.621961E-02
   16314.0  1.583300E-02
   16352.0  1.545511E-02
   16390.0  1.508714E-02
   16428.0  1.472879E-02
   16466.0  1.437980E-02
   16504.0  1.403989E-02
   16542.0  1.370879E-02
   16580.0  1.338584E-02
   16618.0  1.307023E-02
   16656.0  1.276276E-02
   16694.0  1.246320E-02
   16732.0  1.217130E-02
   16770.0  1.188686E-02
   16808.0  1.160967E-02
   16846.0  1.133925E-02
   16884.0  1.107491E-02
   16922.0  1.081725E-02
   16960.0  1.056611E-02
   16998.0  1.032129E-02
   17036.0  1.008261E-02
   17074.0  9.849903E-03
   17112.0  9.622958E-03
   17150.0  9.400956E-03
   17188.0  9.184480E-03
   17226.0  8.973386E-03
   17264.0  8.767518E-03
   17302.0  8.566732E-03
   17340.0  8.370898E-03
   17378.0  8.179872E-03
   17416.0  7.993082E-03
   17454.0  7.810749E-03
   17492.0  7.632878E-03
   17530.0  7.459343E-03
   17568.0  7.290034E-03
   17606.0  7.124834E-03
   17644.0  6.963633E-03
   17682.0  6.806159E-03
   17720.0  6.652232E-03
   17758.0  6.502014E-03
   17796.0  6.355408E-03
   17834.0  6.212322E-03
   17872.0  6.072663E-03
   17910.0  5.936334E-03
   17948.0  5.803257E-03
   17986.0  5.673068E-03
   18024.0  5.545932E-03
   18062.0  5.421815E-03
   18100.0  5.300638E-03
   18138.0  5.182322E-03
   18176.0  5.066800E-03
   18214.0  4.953999E-03
   18252.0  4.843789E-03
   18290.0  4.735989E-03
   18328.0  4.630712E-03
   18366.0  4.527901E-03
   18404.0  4.427493E-03
   18442.0  4.329424E-03
   18480.0  4.233640E-03
   18518.0  4.140079E-03
   18556.0  4.048606E-03
   18594.0  3.959156E-03
   18632.0  3.871778E-03
   18670.0  3.786420E-03
   18708.0  3.703032E-03
   18746.0  3.621563E-03
   18784.0  3.541967E-03
   18822.0  3.464199E-03
   18860.0  3.388134E-03
   18898.0  3.313754E-03
   18936.0  3.241077E-03
   18974.0  3.170061E-03
   19012.0  3.100664E-03
   19050.0  3.032848E-03
   19088.0  2.966573E-03
   19126.0  2.901804E-03
   19164.0  2.838448E-03
   19202.0  2.776481E-03
   19240.0  2.715919E-03
   19278.0  2.656725E-03
   19316.0  2.598867E-03
   19354.0  2.542316E-03
   19392.0  2.487037E-03
   19430.0  2.433002E-03
   19468.0  2.380148E-03
   19506.0  2.328434E-03
   19544.0  2.277882E-03
   19582.0  2.228463E-03
   19620.0  2.180148E-03
   19658.0  2.132913E-03
   19696.0  2.086733E-03
   19734.0  2.041582E-03
   19772.0  1.997429E-03
   19810.0  1.954208E-03
   19848.0  1.911949E-03
   19886.0  1.870628E-03
   19924.0  1.830225E-03
   19962.0  1.790717E-03
   20000.0  1.752085E-03
