   1000.00  0.930954
   1038.00  0.931152
   1076.00  0.931318
   1114.00  0.931397
   1152.00  0.931406
   1190.00  0.931357
   1228.00  0.931262
   1266.00  0.931162
   1304.00  0.931050
   1342.00  0.930872
   1380.00  0.930631
   1418.00  0.930320
   1456.00  0.929945
   1494.00  0.929513
   1532.00  0.929021
   1570.00  0.928428
   1608.00  0.927711
   1646.00  0.926861
   1684.00  0.925823
   1722.00  0.924597
   1760.00  0.923140
   1798.00  0.921325
   1836.00  0.919015
   1874.00  0.915872
   1912.00  0.911384
   1950.00  0.904485
   1988.00  0.891835
   2026.00  0.842873
   2064.00  0.728145
   2102.00  0.682719
   2140.00  0.726619
   2178.00  0.758547
   2216.00  0.773286
   2254.00  0.783059
   2292.00  0.790236
   2330.00  0.795754
   2368.00  0.800070
   2406.00  0.803405
   2444.00  0.805787
   2482.00  0.806952
   2520.00  0.805004
   2558.00  0.765745
   2596.00  0.795137
   2634.00  0.801256
   2672.00  0.805385
   2710.00  0.808628
   2748.00  0.811302
   2786.00  0.813458
   2824.00  0.815144
   2862.00  0.816069
   2900.00  0.810291
   2938.00  0.810914
   2976.00  0.814244
   3014.00  0.816394
   3052.00  0.818172
   3090.00  0.819620
   3128.00  0.820297
   3166.00  0.817287
   3204.00  0.816379
   3242.00  0.820241
   3280.00  0.821855
   3318.00  0.823222
   3356.00  0.824489
   3394.00  0.825682
   3432.00  0.826801
   3470.00  0.827856
   3508.00  0.828874
   3546.00  0.829852
   3584.00  0.830779
   3622.00  0.831681
   3660.00  0.832554
   3698.00  0.833390
   3736.00  0.834205
   3774.00  0.834998
   3812.00  0.835763
   3850.00  0.836510
   3888.00  0.837228
   3926.00  0.837932
   3964.00  0.838619
   4002.00  0.839287
   4040.00  0.839943
   4078.00  0.840574
   4116.00  0.841195
   4154.00  0.841806
   4192.00  0.842401
   4230.00  0.842984
   4268.00  0.843551
   4306.00  0.844110
   4344.00  0.844651
   4382.00  0.845186
   4420.00  0.845707
   4458.00  0.846219
   4496.00  0.846720
   4534.00  0.847211
   4572.00  0.847692
   4610.00  0.848164
   4648.00  0.848627
   4686.00  0.849081
   4724.00  0.849526
   4762.00  0.849963
   4800.00  0.850391
   4838.00  0.850811
   4876.00  0.851223
   4914.00  0.851628
   4952.00  0.852026
   4990.00  0.852416
   5028.00  0.852798
   5066.00  0.853174
   5104.00  0.853541
   5142.00  0.853904
   5180.00  0.854258
   5218.00  0.854607
   5256.00  0.854948
   5294.00  0.855284
   5332.00  0.855613
   5370.00  0.855936
   5408.00  0.856252
   5446.00  0.856563
   5484.00  0.856868
   5522.00  0.857165
   5560.00  0.857458
   5598.00  0.857745
   5636.00  0.858027
   5674.00  0.858303
   5712.00  0.858574
   5750.00  0.858840
   5788.00  0.859099
   5826.00  0.859354
   5864.00  0.859603
   5902.00  0.859847
   5940.00  0.860087
   5978.00  0.860320
   6016.00  0.860549
   6054.00  0.860773
   6092.00  0.860992
   6130.00  0.861206
   6168.00  0.861414
   6206.00  0.861618
   6244.00  0.861816
   6282.00  0.862010
   6320.00  0.862200
   6358.00  0.862383
   6396.00  0.862562
   6434.00  0.862737
   6472.00  0.862907
   6510.00  0.863073
   6548.00  0.863234
   6586.00  0.863390
   6624.00  0.863542
   6662.00  0.863689
   6700.00  0.863831
   6738.00  0.863970
   6776.00  0.864103
   6814.00  0.864231
   6852.00  0.864356
   6890.00  0.864476
   6928.00  0.864592
   6966.00  0.864705
   7004.00  0.864810
   7042.00  0.864912
   7080.00  0.865010
   7118.00  0.865102
   7156.00  0.865190
   7194.00  0.865274
   7232.00  0.865352
   7270.00  0.865425
   7308.00  0.865495
   7346.00  0.865560
   7384.00  0.865620
   7422.00  0.865677
   7460.00  0.865728
   7498.00  0.865774
   7536.00  0.865817
   7574.00  0.865853
   7612.00  0.865884
   7650.00  0.865912
   7688.00  0.865935
   7726.00  0.865953
   7764.00  0.865967
   7802.00  0.865977
   7840.00  0.865980
   7878.00  0.865979
   7916.00  0.865974
   7954.00  0.865962
   7992.00  0.865945
   8030.00  0.865924
   8068.00  0.865897
   8106.00  0.865865
   8144.00  0.865829
   8182.00  0.865788
   8220.00  0.865739
   8258.00  0.865685
   8296.00  0.865627
   8334.00  0.865563
   8372.00  0.865492
   8410.00  0.865417
   8448.00  0.865337
   8486.00  0.865247
   8524.00  0.865153
   8562.00  0.865054
   8600.00  0.864948
   8638.00  0.864836
   8676.00  0.864719
   8714.00  0.864597
   8752.00  0.864464
   8790.00  0.864325
   8828.00  0.864181
   8866.00  0.864031
   8904.00  0.863871
   8942.00  0.863705
   8980.00  0.863534
   9018.00  0.863354
   9056.00  0.863163
   9094.00  0.862967
   9132.00  0.862765
   9170.00  0.862552
   9208.00  0.862329
   9246.00  0.862100
   9284.00  0.861865
   9322.00  0.861616
   9360.00  0.861356
   9398.00  0.861090
   9436.00  0.860817
   9474.00  0.860529
   9512.00  0.860229
   9550.00  0.859922
   9588.00  0.859608
   9626.00  0.859275
   9664.00  0.858927
   9702.00  0.858572
   9740.00  0.858208
   9778.00  0.857826
   9816.00  0.857426
   9854.00  0.857017
   9892.00  0.856599
   9930.00  0.856168
   9968.00  0.855723
   10006.0  0.855269
   10044.0  0.854804
   10082.0  0.854321
   10120.0  0.853793
   10158.0  0.853253
   10196.0  0.852701
   10234.0  0.852136
   10272.0  0.851510
   10310.0  0.850862
   10348.0  0.850201
   10386.0  0.849524
   10424.0  0.848788
   10462.0  0.847993
   10500.0  0.847180
   10538.0  0.846348
   10576.0  0.845485
   10614.0  0.844468
   10652.0  0.843427
   10690.0  0.842360
   10728.0  0.841267
   10766.0  0.839972
   10804.0  0.838516
   10842.0  0.837020
   10880.0  0.835481
   10918.0  0.833888
   10956.0  0.831285
   10994.0  0.828579
   11032.0  0.825766
   11070.0  0.822838
   11108.0  0.810480
   11146.0  0.774338
   11184.0  0.720566
   11222.0  0.427568
   11260.0  0.557927
   11298.0  0.596763
   11336.0  0.601899
   11374.0  0.606926
   11412.0  0.611847
   11450.0  0.616667
   11488.0  0.618175
   11526.0  0.619066
   11564.0  0.619932
   11602.0  0.620775
   11640.0  0.621595
   11678.0  0.621411
   11716.0  0.621167
   11754.0  0.620895
   11792.0  0.620594
   11830.0  0.620257
   11868.0  0.619336
   11906.0  0.618377
   11944.0  0.617378
   11982.0  0.616339
   12020.0  0.615259
   12058.0  0.613697
   12096.0  0.612072
   12134.0  0.610391
   12172.0  0.608653
   12210.0  0.606856
   12248.0  0.604563
   12286.0  0.602122
   12324.0  0.599599
   12362.0  0.596990
   12400.0  0.594293
   12438.0  0.590890
   12476.0  0.587049
   12514.0  0.583068
   12552.0  0.578939
   12590.0  0.574655
   12628.0  0.566979
   12666.0  0.553328
   12704.0  0.538686
   12742.0  0.522964
   12780.0  0.506076
   12818.0  0.482287
   12856.0  0.338271
   12894.0  0.362318
   12932.0  0.385923
   12970.0  0.408855
   13008.0  0.430971
   13046.0  0.439369
   13084.0  0.437153
   13122.0  0.434868
   13160.0  0.432512
   13198.0  0.430081
   13236.0  0.427450
   13274.0  0.412712
   13312.0  0.397424
   13350.0  0.381628
   13388.0  0.365394
   13426.0  0.336590
   13464.0  0.365601
   13502.0  0.364854
   13540.0  0.364058
   13578.0  0.363212
   13616.0  0.362320
   13654.0  0.361376
   13692.0  0.358909
   13730.0  0.355595
   13768.0  0.352213
   13806.0  0.348765
   13844.0  0.345253
   13882.0  0.341677
   13920.0  0.337579
   13958.0  0.333327
   13996.0  0.329015
   14034.0  0.324647
   14072.0  0.320225
   14110.0  0.315756
   14148.0  0.310962
   14186.0  0.306107
   14224.0  0.301219
   14262.0  0.296304
   14300.0  0.291369
   14338.0  0.286419
   14376.0  0.281284
   14414.0  0.276135
   14452.0  0.270996
   14490.0  0.265873
   14528.0  0.260773
   14566.0  0.255705
   14604.0  0.250563
   14642.0  0.245443
   14680.0  0.240377
   14718.0  0.235369
   14756.0  0.230427
   14794.0  0.225553
   14832.0  0.220696
   14870.0  0.215883
   14908.0  0.211154
   14946.0  0.206513
   14984.0  0.201961
   15022.0  0.197500
   15060.0  0.193112
   15098.0  0.188772
   15136.0  0.184531
   15174.0  0.180387
   15212.0  0.176340
   15250.0  0.172390
   15288.0  0.168536
   15326.0  0.164736
   15364.0  0.161027
   15402.0  0.157414
   15440.0  0.153893
   15478.0  0.150464
   15516.0  0.147125
   15554.0  0.143860
   15592.0  0.140663
   15630.0  0.137551
   15668.0  0.134523
   15706.0  0.131576
   15744.0  0.128708
   15782.0  0.125916
   15820.0  0.123182
   15858.0  0.120516
   15896.0  0.117923
   15934.0  0.115399
   15972.0  0.112943
   16010.0  0.110552
   16048.0  0.108224
   16086.0  0.105943
   16124.0  0.103723
   16162.0  0.101561
   16200.0  9.945653E-02
   16238.0  9.740741E-02
   16276.0  9.541196E-02
   16314.0  9.346566E-02
   16352.0  9.156074E-02
   16390.0  8.970522E-02
   16428.0  8.789755E-02
   16466.0  8.613634E-02
   16504.0  8.442009E-02
   16542.0  8.274741E-02
   16580.0  8.111437E-02
   16618.0  7.951612E-02
   16656.0  7.795802E-02
   16694.0  7.643881E-02
   16732.0  7.495723E-02
   16770.0  7.351220E-02
   16808.0  7.210265E-02
   16846.0  7.072584E-02
   16884.0  6.937733E-02
   16922.0  6.806146E-02
   16960.0  6.677730E-02
   16998.0  6.552385E-02
   17036.0  6.430019E-02
   17074.0  6.310549E-02
   17112.0  6.193853E-02
   17150.0  6.079421E-02
   17188.0  5.967655E-02
   17226.0  5.858488E-02
   17264.0  5.751837E-02
   17302.0  5.647630E-02
   17340.0  5.545804E-02
   17378.0  5.446284E-02
   17416.0  5.348706E-02
   17454.0  5.253243E-02
   17492.0  5.159917E-02
   17530.0  5.068668E-02
   17568.0  4.979438E-02
   17606.0  4.892173E-02
   17644.0  4.806817E-02
   17682.0  4.723205E-02
   17720.0  4.641230E-02
   17758.0  4.561025E-02
   17796.0  4.482544E-02
   17834.0  4.405743E-02
   17872.0  4.330575E-02
   17910.0  4.256995E-02
   17948.0  4.184965E-02
   17986.0  4.114244E-02
   18024.0  4.044971E-02
   18062.0  3.977137E-02
   18100.0  3.910708E-02
   18138.0  3.845643E-02
   18176.0  3.781913E-02
   18214.0  3.719482E-02
   18252.0  3.658275E-02
   18290.0  3.598172E-02
   18328.0  3.539276E-02
   18366.0  3.481563E-02
   18404.0  3.425000E-02
   18442.0  3.369560E-02
   18480.0  3.315217E-02
   18518.0  3.261939E-02
   18556.0  3.209644E-02
   18594.0  3.158295E-02
   18632.0  3.107945E-02
   18670.0  3.058569E-02
   18708.0  3.010145E-02
   18746.0  2.962650E-02
   18784.0  2.916063E-02
   18822.0  2.870362E-02
   18860.0  2.825463E-02
   18898.0  2.781365E-02
   18936.0  2.738098E-02
   18974.0  2.695642E-02
   19012.0  2.653978E-02
   19050.0  2.613088E-02
   19088.0  2.572954E-02
   19126.0  2.533560E-02
   19164.0  2.494842E-02
   19202.0  2.456794E-02
   19240.0  2.419441E-02
   19278.0  2.382767E-02
   19316.0  2.346755E-02
   19354.0  2.311393E-02
   19392.0  2.276666E-02
   19430.0  2.242560E-02
   19468.0  2.209035E-02
   19506.0  2.176064E-02
   19544.0  2.143678E-02
   19582.0  2.111864E-02
   19620.0  2.080608E-02
   19658.0  2.049901E-02
   19696.0  2.019729E-02
   19734.0  1.990082E-02
   19772.0  1.960942E-02
   19810.0  1.932258E-02
   19848.0  1.904069E-02
   19886.0  1.876364E-02
   19924.0  1.849134E-02
   19962.0  1.822367E-02
   20000.0  1.796055E-02
