   1000.00  0.942153
   1038.00  0.942327
   1076.00  0.942472
   1114.00  0.942544
   1152.00  0.942555
   1190.00  0.942518
   1228.00  0.942441
   1266.00  0.942360
   1304.00  0.942269
   1342.00  0.942121
   1380.00  0.941921
   1418.00  0.941661
   1456.00  0.941346
   1494.00  0.940983
   1532.00  0.940570
   1570.00  0.940071
   1608.00  0.939467
   1646.00  0.938749
   1684.00  0.937873
   1722.00  0.936837
   1760.00  0.935604
   1798.00  0.934067
   1836.00  0.932110
   1874.00  0.929444
   1912.00  0.925633
   1950.00  0.919769
   1988.00  0.908995
   2026.00  0.867073
   2064.00  0.767629
   2102.00  0.727273
   2140.00  0.766894
   2178.00  0.795060
   2216.00  0.807995
   2254.00  0.816549
   2292.00  0.822822
   2330.00  0.827638
   2368.00  0.831404
   2406.00  0.834314
   2444.00  0.836394
   2482.00  0.837419
   2520.00  0.835742
   2558.00  0.801788
   2596.00  0.827439
   2634.00  0.832766
   2672.00  0.836360
   2710.00  0.839182
   2748.00  0.841510
   2786.00  0.843388
   2824.00  0.844859
   2862.00  0.845672
   2900.00  0.840695
   2938.00  0.841342
   2976.00  0.844236
   3014.00  0.846109
   3052.00  0.847660
   3090.00  0.848927
   3128.00  0.849529
   3166.00  0.846954
   3204.00  0.846243
   3242.00  0.849590
   3280.00  0.851001
   3318.00  0.852197
   3356.00  0.853308
   3394.00  0.854354
   3432.00  0.855337
   3470.00  0.856265
   3508.00  0.857160
   3546.00  0.858021
   3584.00  0.858838
   3622.00  0.859633
   3660.00  0.860404
   3698.00  0.861142
   3736.00  0.861864
   3774.00  0.862565
   3812.00  0.863243
   3850.00  0.863905
   3888.00  0.864543
   3926.00  0.865169
   3964.00  0.865780
   4002.00  0.866375
   4040.00  0.866961
   4078.00  0.867524
   4116.00  0.868080
   4154.00  0.868626
   4192.00  0.869159
   4230.00  0.869683
   4268.00  0.870192
   4306.00  0.870695
   4344.00  0.871184
   4382.00  0.871666
   4420.00  0.872137
   4458.00  0.872601
   4496.00  0.873055
   4534.00  0.873502
   4572.00  0.873939
   4610.00  0.874370
   4648.00  0.874793
   4686.00  0.875208
   4724.00  0.875617
   4762.00  0.876017
   4800.00  0.876411
   4838.00  0.876799
   4876.00  0.877181
   4914.00  0.877556
   4952.00  0.877925
   4990.00  0.878288
   5028.00  0.878645
   5066.00  0.878996
   5104.00  0.879341
   5142.00  0.879682
   5180.00  0.880016
   5218.00  0.880346
   5256.00  0.880670
   5294.00  0.880990
   5332.00  0.881303
   5370.00  0.881612
   5408.00  0.881917
   5446.00  0.882216
   5484.00  0.882511
   5522.00  0.882800
   5560.00  0.883086
   5598.00  0.883366
   5636.00  0.883643
   5674.00  0.883916
   5712.00  0.884184
   5750.00  0.884449
   5788.00  0.884708
   5826.00  0.884964
   5864.00  0.885216
   5902.00  0.885464
   5940.00  0.885708
   5978.00  0.885948
   6016.00  0.886184
   6054.00  0.886416
   6092.00  0.886645
   6130.00  0.886870
   6168.00  0.887090
   6206.00  0.887308
   6244.00  0.887521
   6282.00  0.887731
   6320.00  0.887938
   6358.00  0.888140
   6396.00  0.888340
   6434.00  0.888536
   6472.00  0.888728
   6510.00  0.888918
   6548.00  0.889104
   6586.00  0.889287
   6624.00  0.889467
   6662.00  0.889643
   6700.00  0.889815
   6738.00  0.889985
   6776.00  0.890151
   6814.00  0.890314
   6852.00  0.890475
   6890.00  0.890632
   6928.00  0.890787
   6966.00  0.890939
   7004.00  0.891086
   7042.00  0.891231
   7080.00  0.891373
   7118.00  0.891511
   7156.00  0.891646
   7194.00  0.891779
   7232.00  0.891907
   7270.00  0.892033
   7308.00  0.892156
   7346.00  0.892276
   7384.00  0.892393
   7422.00  0.892508
   7460.00  0.892618
   7498.00  0.892726
   7536.00  0.892832
   7574.00  0.892934
   7612.00  0.893032
   7650.00  0.893128
   7688.00  0.893221
   7726.00  0.893311
   7764.00  0.893399
   7802.00  0.893484
   7840.00  0.893565
   7878.00  0.893643
   7916.00  0.893720
   7954.00  0.893791
   7992.00  0.893860
   8030.00  0.893926
   8068.00  0.893990
   8106.00  0.894049
   8144.00  0.894107
   8182.00  0.894162
   8220.00  0.894211
   8258.00  0.894259
   8296.00  0.894304
   8334.00  0.894345
   8372.00  0.894382
   8410.00  0.894417
   8448.00  0.894450
   8486.00  0.894477
   8524.00  0.894501
   8562.00  0.894523
   8600.00  0.894541
   8638.00  0.894556
   8676.00  0.894568
   8714.00  0.894578
   8752.00  0.894581
   8790.00  0.894581
   8828.00  0.894579
   8866.00  0.894574
   8904.00  0.894562
   8942.00  0.894549
   8980.00  0.894533
   9018.00  0.894512
   9056.00  0.894485
   9094.00  0.894455
   9132.00  0.894423
   9170.00  0.894386
   9208.00  0.894343
   9246.00  0.894297
   9284.00  0.894249
   9322.00  0.894193
   9360.00  0.894131
   9398.00  0.894067
   9436.00  0.894000
   9474.00  0.893925
   9512.00  0.893844
   9550.00  0.893760
   9588.00  0.893674
   9626.00  0.893577
   9664.00  0.893472
   9702.00  0.893365
   9740.00  0.893255
   9778.00  0.893135
   9816.00  0.893006
   9854.00  0.892873
   9892.00  0.892738
   9930.00  0.892598
   9968.00  0.892453
   10006.0  0.892305
   10044.0  0.892154
   10082.0  0.891995
   10120.0  0.891809
   10158.0  0.891620
   10196.0  0.891427
   10234.0  0.891230
   10272.0  0.890997
   10310.0  0.890756
   10348.0  0.890510
   10386.0  0.890260
   10424.0  0.889978
   10462.0  0.889664
   10500.0  0.889345
   10538.0  0.889022
   10576.0  0.888685
   10614.0  0.888260
   10652.0  0.887828
   10690.0  0.887390
   10728.0  0.886944
   10766.0  0.886386
   10804.0  0.885743
   10842.0  0.885090
   10880.0  0.884425
   10918.0  0.883743
   10956.0  0.882490
   10994.0  0.881208
   11032.0  0.879895
   11070.0  0.878550
   11108.0  0.872126
   11146.0  0.854232
   11184.0  0.831217
   11222.0  0.610031
   11260.0  0.688781
   11298.0  0.713294
   11336.0  0.717182
   11374.0  0.720982
   11412.0  0.724698
   11450.0  0.728332
   11488.0  0.729936
   11526.0  0.731161
   11564.0  0.732371
   11602.0  0.733567
   11640.0  0.734749
   11678.0  0.735339
   11716.0  0.735899
   11754.0  0.736451
   11792.0  0.736993
   11830.0  0.737523
   11868.0  0.737728
   11906.0  0.737925
   11944.0  0.738112
   11982.0  0.738292
   12020.0  0.738462
   12058.0  0.738384
   12096.0  0.738291
   12134.0  0.738188
   12172.0  0.738076
   12210.0  0.737954
   12248.0  0.737596
   12286.0  0.737190
   12324.0  0.736772
   12362.0  0.736341
   12400.0  0.735898
   12438.0  0.735141
   12476.0  0.734213
   12514.0  0.733266
   12552.0  0.732299
   12590.0  0.731312
   12628.0  0.728832
   12666.0  0.723806
   12704.0  0.718577
   12742.0  0.713134
   12780.0  0.707460
   12818.0  0.699288
   12856.0  0.582860
   12894.0  0.598049
   12932.0  0.612366
   12970.0  0.625864
   13008.0  0.638610
   13046.0  0.644195
   13084.0  0.644395
   13122.0  0.644583
   13160.0  0.644760
   13198.0  0.644922
   13236.0  0.645012
   13274.0  0.639280
   13312.0  0.633353
   13350.0  0.627219
   13388.0  0.620867
   13426.0  0.586543
   13464.0  0.604026
   13502.0  0.605124
   13540.0  0.606205
   13578.0  0.607269
   13616.0  0.608318
   13654.0  0.609350
   13692.0  0.609607
   13730.0  0.609447
   13768.0  0.609271
   13806.0  0.609079
   13844.0  0.608872
   13882.0  0.608650
   13920.0  0.608179
   13958.0  0.607644
   13996.0  0.607091
   14034.0  0.606520
   14072.0  0.605929
   14110.0  0.605320
   14148.0  0.604547
   14186.0  0.603741
   14224.0  0.602913
   14262.0  0.602064
   14300.0  0.601191
   14338.0  0.600294
   14376.0  0.599278
   14414.0  0.598227
   14452.0  0.597150
   14490.0  0.596046
   14528.0  0.594914
   14566.0  0.593755
   14604.0  0.592499
   14642.0  0.591197
   14680.0  0.589864
   14718.0  0.588498
   14756.0  0.587099
   14794.0  0.585665
   14832.0  0.584157
   14870.0  0.582586
   14908.0  0.580976
   14946.0  0.579327
   14984.0  0.577637
   15022.0  0.575905
   15060.0  0.574113
   15098.0  0.572236
   15136.0  0.570313
   15174.0  0.568341
   15212.0  0.566319
   15250.0  0.564246
   15288.0  0.562121
   15326.0  0.559896
   15364.0  0.557608
   15402.0  0.555262
   15440.0  0.552854
   15478.0  0.550382
   15516.0  0.547846
   15554.0  0.545224
   15592.0  0.542505
   15630.0  0.539712
   15668.0  0.536845
   15706.0  0.533899
   15744.0  0.530873
   15782.0  0.527764
   15820.0  0.524536
   15858.0  0.521209
   15896.0  0.517788
   15934.0  0.514274
   15972.0  0.510661
   16010.0  0.506947
   16048.0  0.503127
   16086.0  0.499160
   16124.0  0.495083
   16162.0  0.490892
   16200.0  0.486584
   16238.0  0.482158
   16276.0  0.477610
   16314.0  0.472930
   16352.0  0.468092
   16390.0  0.463125
   16428.0  0.458029
   16466.0  0.452803
   16504.0  0.447446
   16542.0  0.441960
   16580.0  0.436333
   16618.0  0.430550
   16656.0  0.424641
   16694.0  0.418612
   16732.0  0.412466
   16770.0  0.406209
   16808.0  0.399849
   16846.0  0.393384
   16884.0  0.386802
   16922.0  0.380143
   16960.0  0.373418
   16998.0  0.366639
   17036.0  0.359820
   17074.0  0.352972
   17112.0  0.346109
   17150.0  0.339212
   17188.0  0.332328
   17226.0  0.325473
   17264.0  0.318658
   17302.0  0.311897
   17340.0  0.305202
   17378.0  0.298583
   17416.0  0.292027
   17454.0  0.285562
   17492.0  0.279202
   17530.0  0.272954
   17568.0  0.266824
   17606.0  0.260816
   17644.0  0.254935
   17682.0  0.249175
   17720.0  0.243532
   17758.0  0.238024
   17796.0  0.232650
   17834.0  0.227410
   17872.0  0.222304
   17910.0  0.217330
   17948.0  0.212487
   17986.0  0.207758
   18024.0  0.203155
   18062.0  0.198677
   18100.0  0.194322
   18138.0  0.190086
   18176.0  0.185968
   18214.0  0.181963
   18252.0  0.178067
   18290.0  0.174269
   18328.0  0.170576
   18366.0  0.166986
   18404.0  0.163496
   18442.0  0.160101
   18480.0  0.156800
   18518.0  0.153589
   18556.0  0.150462
   18594.0  0.147415
   18632.0  0.144450
   18670.0  0.141566
   18708.0  0.138758
   18746.0  0.136026
   18784.0  0.133365
   18822.0  0.130775
   18860.0  0.128249
   18898.0  0.125785
   18936.0  0.123385
   18974.0  0.121048
   19012.0  0.118769
   19050.0  0.116549
   19088.0  0.114384
   19126.0  0.112274
   19164.0  0.110213
   19202.0  0.108201
   19240.0  0.106238
   19278.0  0.104324
   19316.0  0.102455
   19354.0  0.100632
   19392.0  9.885192E-02
   19430.0  9.711427E-02
   19468.0  9.541601E-02
   19506.0  9.375520E-02
   19544.0  9.213310E-02
   19582.0  9.054852E-02
   19620.0  8.900031E-02
   19658.0  8.748742E-02
   19696.0  8.600882E-02
   19734.0  8.456346E-02
   19772.0  8.315007E-02
   19810.0  8.176550E-02
   19848.0  8.041157E-02
   19886.0  7.908735E-02
   19924.0  7.779203E-02
   19962.0  7.652476E-02
   20000.0  7.528479E-02
