   1000.00  0.922926
   1038.00  0.923142
   1076.00  0.923320
   1114.00  0.923403
   1152.00  0.923407
   1190.00  0.923347
   1228.00  0.923235
   1266.00  0.923117
   1304.00  0.922986
   1342.00  0.922781
   1380.00  0.922505
   1418.00  0.922152
   1456.00  0.921726
   1494.00  0.921237
   1532.00  0.920681
   1570.00  0.920012
   1608.00  0.919204
   1646.00  0.918246
   1684.00  0.917080
   1722.00  0.915703
   1760.00  0.914067
   1798.00  0.912032
   1836.00  0.909443
   1874.00  0.905925
   1912.00  0.900905
   1950.00  0.893198
   1988.00  0.879086
   2026.00  0.824658
   2064.00  0.699852
   2102.00  0.650814
   2140.00  0.698429
   2178.00  0.733003
   2216.00  0.749013
   2254.00  0.759642
   2292.00  0.767453
   2330.00  0.773457
   2368.00  0.778153
   2406.00  0.781776
   2444.00  0.784357
   2482.00  0.785603
   2520.00  0.783430
   2558.00  0.740544
   2596.00  0.772642
   2634.00  0.779317
   2672.00  0.783815
   2710.00  0.787344
   2748.00  0.790249
   2786.00  0.792588
   2824.00  0.794409
   2862.00  0.795393
   2900.00  0.788995
   2938.00  0.789696
   2976.00  0.793329
   3014.00  0.795662
   3052.00  0.797588
   3090.00  0.799150
   3128.00  0.799863
   3166.00  0.796504
   3204.00  0.795500
   3242.00  0.799728
   3280.00  0.801476
   3318.00  0.802950
   3356.00  0.804316
   3394.00  0.805600
   3432.00  0.806802
   3470.00  0.807934
   3508.00  0.809024
   3546.00  0.810071
   3584.00  0.811062
   3622.00  0.812024
   3660.00  0.812955
   3698.00  0.813844
   3736.00  0.814712
   3774.00  0.815553
   3812.00  0.816364
   3850.00  0.817155
   3888.00  0.817914
   3926.00  0.818657
   3964.00  0.819380
   4002.00  0.820083
   4040.00  0.820774
   4078.00  0.821434
   4116.00  0.822085
   4154.00  0.822724
   4192.00  0.823345
   4230.00  0.823953
   4268.00  0.824542
   4306.00  0.825122
   4344.00  0.825683
   4382.00  0.826236
   4420.00  0.826774
   4458.00  0.827301
   4496.00  0.827815
   4534.00  0.828319
   4572.00  0.828811
   4610.00  0.829292
   4648.00  0.829764
   4686.00  0.830225
   4724.00  0.830676
   4762.00  0.831117
   4800.00  0.831548
   4838.00  0.831970
   4876.00  0.832383
   4914.00  0.832787
   4952.00  0.833182
   4990.00  0.833570
   5028.00  0.833947
   5066.00  0.834318
   5104.00  0.834678
   5142.00  0.835032
   5180.00  0.835377
   5218.00  0.835716
   5256.00  0.836045
   5294.00  0.836368
   5332.00  0.836683
   5370.00  0.836990
   5408.00  0.837290
   5446.00  0.837583
   5484.00  0.837869
   5522.00  0.838146
   5560.00  0.838418
   5598.00  0.838681
   5636.00  0.838939
   5674.00  0.839190
   5712.00  0.839434
   5750.00  0.839673
   5788.00  0.839903
   5826.00  0.840127
   5864.00  0.840345
   5902.00  0.840556
   5940.00  0.840762
   5978.00  0.840959
   6016.00  0.841152
   6054.00  0.841337
   6092.00  0.841516
   6130.00  0.841689
   6168.00  0.841855
   6206.00  0.842015
   6244.00  0.842169
   6282.00  0.842315
   6320.00  0.842457
   6358.00  0.842591
   6396.00  0.842719
   6434.00  0.842842
   6472.00  0.842957
   6510.00  0.843068
   6548.00  0.843172
   6586.00  0.843269
   6624.00  0.843361
   6662.00  0.843446
   6700.00  0.843525
   6738.00  0.843598
   6776.00  0.843664
   6814.00  0.843724
   6852.00  0.843778
   6890.00  0.843826
   6928.00  0.843868
   6966.00  0.843905
   7004.00  0.843933
   7042.00  0.843955
   7080.00  0.843971
   7118.00  0.843979
   7156.00  0.843982
   7194.00  0.843978
   7232.00  0.843966
   7270.00  0.843948
   7308.00  0.843923
   7346.00  0.843891
   7384.00  0.843854
   7422.00  0.843810
   7460.00  0.843757
   7498.00  0.843697
   7536.00  0.843632
   7574.00  0.843558
   7612.00  0.843475
   7650.00  0.843387
   7688.00  0.843292
   7726.00  0.843188
   7764.00  0.843078
   7802.00  0.842961
   7840.00  0.842834
   7878.00  0.842700
   7916.00  0.842559
   7954.00  0.842407
   7992.00  0.842248
   8030.00  0.842081
   8068.00  0.841905
   8106.00  0.841720
   8144.00  0.841527
   8182.00  0.841327
   8220.00  0.841113
   8258.00  0.840891
   8296.00  0.840662
   8334.00  0.840421
   8372.00  0.840169
   8410.00  0.839910
   8448.00  0.839641
   8486.00  0.839356
   8524.00  0.839063
   8562.00  0.838761
   8600.00  0.838446
   8638.00  0.838120
   8676.00  0.837783
   8714.00  0.837437
   8752.00  0.837072
   8790.00  0.836696
   8828.00  0.836309
   8866.00  0.835910
   8904.00  0.835492
   8942.00  0.835063
   8980.00  0.834623
   9018.00  0.834166
   9056.00  0.833689
   9094.00  0.833199
   9132.00  0.832696
   9170.00  0.832173
   9208.00  0.831630
   9246.00  0.831073
   9284.00  0.830501
   9322.00  0.829904
   9360.00  0.829284
   9398.00  0.828649
   9436.00  0.827996
   9474.00  0.827314
   9512.00  0.826608
   9550.00  0.825883
   9588.00  0.825139
   9626.00  0.824359
   9664.00  0.823548
   9702.00  0.822715
   9740.00  0.821859
   9778.00  0.820965
   9816.00  0.820033
   9854.00  0.819075
   9892.00  0.818090
   9930.00  0.817071
   9968.00  0.816013
   10006.0  0.814924
   10044.0  0.813802
   10082.0  0.812636
   10120.0  0.811383
   10158.0  0.810091
   10196.0  0.808758
   10234.0  0.807384
   10272.0  0.805889
   10310.0  0.804333
   10348.0  0.802726
   10386.0  0.801064
   10424.0  0.799274
   10462.0  0.797351
   10500.0  0.795359
   10538.0  0.793293
   10576.0  0.791128
   10614.0  0.788649
   10652.0  0.786068
   10690.0  0.783379
   10728.0  0.780573
   10766.0  0.777322
   10804.0  0.773679
   10842.0  0.769849
   10880.0  0.765817
   10918.0  0.761543
   10956.0  0.755047
   10994.0  0.748058
   11032.0  0.740511
   11070.0  0.732328
   11108.0  0.700323
   11146.0  0.585328
   11184.0  0.376477
   11222.0  0.213840
   11260.0  0.376762
   11298.0  0.437806
   11336.0  0.443935
   11374.0  0.449970
   11412.0  0.455911
   11450.0  0.461760
   11488.0  0.461880
   11526.0  0.460891
   11564.0  0.459824
   11602.0  0.458680
   11640.0  0.457458
   11678.0  0.454357
   11716.0  0.451074
   11754.0  0.447665
   11792.0  0.444125
   11830.0  0.440439
   11868.0  0.435558
   11906.0  0.430507
   11944.0  0.425283
   11982.0  0.419886
   12020.0  0.414314
   12058.0  0.407707
   12096.0  0.400885
   12134.0  0.393872
   12172.0  0.386675
   12210.0  0.379303
   12248.0  0.370923
   12286.0  0.362248
   12324.0  0.353437
   12362.0  0.344516
   12400.0  0.335516
   12438.0  0.325376
   12476.0  0.314695
   12514.0  0.304083
   12552.0  0.293586
   12590.0  0.283250
   12628.0  0.268535
   12666.0  0.247387
   12704.0  0.227779
   12742.0  0.209753
   12780.0  0.193276
   12818.0  0.174559
   12856.0  0.130573
   12894.0  0.141662
   12932.0  0.153615
   12970.0  0.166478
   13008.0  0.180312
   13046.0  0.184990
   13084.0  0.181710
   13122.0  0.178471
   13160.0  0.175276
   13198.0  0.172124
   13236.0  0.168935
   13274.0  0.158415
   13312.0  0.148626
   13350.0  0.139525
   13388.0  0.131066
   13426.0  0.126580
   13464.0  0.139807
   13502.0  0.138491
   13540.0  0.137175
   13578.0  0.135858
   13616.0  0.134542
   13654.0  0.133228
   13692.0  0.131231
   13730.0  0.128905
   13768.0  0.126620
   13806.0  0.124378
   13844.0  0.122176
   13882.0  0.120016
   13920.0  0.117714
   13958.0  0.115426
   13996.0  0.113188
   14034.0  0.110999
   14072.0  0.108859
   14110.0  0.106766
   14148.0  0.104625
   14186.0  0.102526
   14224.0  0.100478
   14262.0  9.847756E-02
   14300.0  9.652478E-02
   14338.0  9.461810E-02
   14376.0  9.270333E-02
   14414.0  9.083060E-02
   14452.0  8.900367E-02
   14490.0  8.722128E-02
   14528.0  8.548231E-02
   14566.0  8.378576E-02
   14604.0  8.210000E-02
   14642.0  8.044916E-02
   14680.0  7.883912E-02
   14718.0  7.726866E-02
   14756.0  7.573672E-02
   14794.0  7.424217E-02
   14832.0  7.276913E-02
   14870.0  7.132291E-02
   14908.0  6.991218E-02
   14946.0  6.853595E-02
   14984.0  6.719325E-02
   15022.0  6.588310E-02
   15060.0  6.459930E-02
   15098.0  6.333485E-02
   15136.0  6.210110E-02
   15174.0  6.089708E-02
   15212.0  5.972200E-02
   15250.0  5.857495E-02
   15288.0  5.745521E-02
   15326.0  5.635119E-02
   15364.0  5.527226E-02
   15402.0  5.421893E-02
   15440.0  5.319037E-02
   15478.0  5.218592E-02
   15516.0  5.120490E-02
   15554.0  5.024321E-02
   15592.0  4.929863E-02
   15630.0  4.837592E-02
   15668.0  4.747455E-02
   15706.0  4.659381E-02
   15744.0  4.573319E-02
   15782.0  4.489208E-02
   15820.0  4.406502E-02
   15858.0  4.325528E-02
   15896.0  4.246377E-02
   15934.0  4.169005E-02
   15972.0  4.093359E-02
   16010.0  4.019392E-02
   16048.0  3.947029E-02
   16086.0  3.875813E-02
   16124.0  3.806169E-02
   16162.0  3.738048E-02
   16200.0  3.671414E-02
   16238.0  3.606224E-02
   16276.0  3.542445E-02
   16314.0  3.479951E-02
   16352.0  3.418523E-02
   16390.0  3.358410E-02
   16428.0  3.299575E-02
   16466.0  3.241991E-02
   16504.0  3.185622E-02
   16542.0  3.130437E-02
   16580.0  3.076326E-02
   16618.0  3.023151E-02
   16656.0  2.971084E-02
   16694.0  2.920097E-02
   16732.0  2.870161E-02
   16770.0  2.821250E-02
   16808.0  2.773342E-02
   16846.0  2.726357E-02
   16884.0  2.680165E-02
   16922.0  2.634909E-02
   16960.0  2.590567E-02
   16998.0  2.547117E-02
   17036.0  2.504536E-02
   17074.0  2.462803E-02
   17112.0  2.421888E-02
   17150.0  2.381631E-02
   17188.0  2.342167E-02
   17226.0  2.303482E-02
   17264.0  2.265554E-02
   17302.0  2.228366E-02
   17340.0  2.191902E-02
   17378.0  2.156144E-02
   17416.0  2.120974E-02
   17454.0  2.086455E-02
   17492.0  2.052599E-02
   17530.0  2.019390E-02
   17568.0  1.986814E-02
   17606.0  1.954857E-02
   17644.0  1.923504E-02
   17682.0  1.892702E-02
   17720.0  1.862418E-02
   17758.0  1.832703E-02
   17796.0  1.803542E-02
   17834.0  1.774924E-02
   17872.0  1.746838E-02
   17910.0  1.719270E-02
   17948.0  1.692210E-02
   17986.0  1.665577E-02
   18024.0  1.639422E-02
   18062.0  1.613745E-02
   18100.0  1.588535E-02
   18138.0  1.563782E-02
   18176.0  1.539478E-02
   18214.0  1.515612E-02
   18252.0  1.492159E-02
   18290.0  1.469080E-02
   18328.0  1.446413E-02
   18366.0  1.424150E-02
   18404.0  1.402283E-02
   18442.0  1.380803E-02
   18480.0  1.359703E-02
   18518.0  1.338973E-02
   18556.0  1.318585E-02
   18594.0  1.298526E-02
   18632.0  1.278819E-02
   18670.0  1.259455E-02
   18708.0  1.240427E-02
   18746.0  1.221728E-02
   18784.0  1.203353E-02
   18822.0  1.185293E-02
   18860.0  1.167520E-02
   18898.0  1.150035E-02
   18936.0  1.132849E-02
   18974.0  1.115955E-02
   19012.0  1.099349E-02
   19050.0  1.083024E-02
   19088.0  1.066974E-02
   19126.0  1.051195E-02
   19164.0  1.035664E-02
   19202.0  1.020378E-02
   19240.0  1.005349E-02
   19278.0  9.905706E-03
   19316.0  9.760377E-03
   19354.0  9.617465E-03
   19392.0  9.476915E-03
   19430.0  9.338685E-03
   19468.0  9.202629E-03
   19506.0  9.068656E-03
   19544.0  8.936882E-03
   19582.0  8.807266E-03
   19620.0  8.679763E-03
   19658.0  8.554336E-03
   19696.0  8.430946E-03
   19734.0  8.309551E-03
   19772.0  8.190094E-03
   19810.0  8.072385E-03
   19848.0  7.956572E-03
   19886.0  7.842618E-03
   19924.0  7.730491E-03
   19962.0  7.620154E-03
   20000.0  7.511577E-03
