1000 0.94443 
1038.08 0.944508 
1076.15 0.944553 
1114.23 0.944523 
1152.3 0.944431 
1190.38 0.944286 
1228.46 0.944099 
1266.53 0.943902 
1304.61 0.943689 
1342.69 0.943418 
1380.76 0.943093 
1418.84 0.942705 
1456.91 0.942258 
1494.99 0.941763 
1533.07 0.94121 
1571.14 0.940571 
1609.22 0.939824 
1647.29 0.938962 
1685.37 0.93794 
1723.45 0.936761 
1761.52 0.935372 
1799.6 0.933683 
1837.68 0.931574 
1875.75 0.928728 
1913.83 0.92475 
1951.9 0.918691 
1989.98 0.907604 
2028.06 0.838772 
2066.13 0.774213 
2104.21 0.720299 
2142.28 0.777047 
2180.36 0.80307 
2218.44 0.815166 
2256.51 0.823132 
2294.59 0.828922 
2332.67 0.833313 
2370.74 0.836689 
2408.82 0.839231 
2446.89 0.840955 
2484.97 0.841618 
2523.05 0.839455 
2561.12 0.81132 
2599.2 0.83265 
2637.27 0.837375 
2675.35 0.840528 
2713.43 0.842957 
2751.5 0.844913 
2789.58 0.846465 
2827.66 0.847567 
2865.73 0.84799 
2903.81 0.841685 
2941.88 0.843897 
2979.96 0.846342 
3018.04 0.847858 
3056.11 0.849026 
3094.19 0.849924 
3132.26 0.849834 
3170.34 0.847033 
3208.42 0.847135 
3246.49 0.849697 
3284.57 0.850746 
3322.65 0.851603 
3360.72 0.852354 
3398.8 0.853051 
3436.87 0.853699 
3474.95 0.854264 
3513.03 0.854805 
3551.1 0.855327 
3589.18 0.855775 
3627.25 0.856211 
3665.33 0.856634 
3703.41 0.856997 
3741.48 0.857355 
3779.56 0.857694 
3817.64 0.857993 
3855.71 0.858288 
3893.79 0.858549 
3931.86 0.858794 
3969.94 0.859035 
4008.02 0.859236 
4046.09 0.85944 
4084.17 0.859612 
4122.24 0.859776 
4160.32 0.859934 
4198.4 0.860062 
4236.47 0.860199 
4274.55 0.860293 
4312.62 0.860398 
4350.7 0.860473 
4388.78 0.860547 
4426.85 0.860604 
4464.93 0.860651 
4503.01 0.860688 
4541.08 0.860709 
4579.16 0.860728 
4617.23 0.860725 
4655.31 0.860725 
4693.39 0.8607 
4731.46 0.86068 
4769.54 0.860635 
4807.62 0.860595 
4845.69 0.860532 
4883.77 0.860472 
4921.84 0.860392 
4959.92 0.860313 
4998 0.860217 
5036.07 0.860118 
5074.15 0.860008 
5112.22 0.859888 
5150.3 0.859765 
5188.38 0.859626 
5226.45 0.859491 
5264.53 0.859332 
5302.6 0.859187 
5340.68 0.859008 
5378.76 0.858841 
5416.83 0.858654 
5454.91 0.858466 
5492.99 0.858271 
5531.06 0.858062 
5569.14 0.857861 
5607.21 0.857632 
5645.29 0.857414 
5683.37 0.857175 
5721.44 0.856937 
5759.52 0.856694 
5797.6 0.856434 
5835.67 0.856184 
5873.75 0.855908 
5911.82 0.855637 
5949.9 0.855359 
5987.98 0.855067 
6026.05 0.854783 
6064.13 0.854474 
6102.2 0.854169 
6140.28 0.85386 
6178.36 0.853534 
6216.43 0.853216 
6254.51 0.852879 
6292.59 0.85254 
6330.66 0.852205 
6368.74 0.851844 
6406.81 0.85149 
6444.89 0.851129 
6482.97 0.850755 
6521.04 0.850387 
6559.12 0.850003 
6597.19 0.849614 
6635.27 0.849231 
6673.35 0.848824 
6711.42 0.848419 
6749.5 0.848018 
6787.58 0.847593 
6825.65 0.847173 
6863.73 0.846752 
6901.8 0.846312 
6939.88 0.845877 
6977.96 0.845437 
7016.03 0.84498 
7054.11 0.844528 
7092.18 0.84407 
7130.26 0.843597 
7168.34 0.843128 
7206.41 0.842654 
7244.49 0.842163 
7282.57 0.841677 
7320.64 0.841188 
7358.72 0.840681 
7396.79 0.840178 
7434.87 0.839674 
7472.95 0.83915 
7511.02 0.838629 
7549.1 0.838113 
7587.17 0.83757 
7625.25 0.837031 
7663.33 0.836497 
7701.4 0.835943 
7739.48 0.835387 
7777.55 0.834834 
7815.63 0.83427 
7853.71 0.833695 
7891.78 0.833124 
7929.86 0.83255 
7967.94 0.831957 
8006.01 0.831367 
8044.09 0.83078 
8082.16 0.830172 
8120.24 0.829563 
8158.32 0.828957 
8196.39 0.828342 
8234.47 0.827713 
8272.54 0.827087 
8310.62 0.826464 
8348.7 0.825817 
8386.77 0.825172 
8424.85 0.824529 
8462.93 0.823876 
8501 0.82321 
8539.08 0.822546 
8577.15 0.821884 
8615.23 0.821202 
8653.31 0.820518 
8691.38 0.819837 
8729.46 0.819151 
8767.54 0.818446 
8805.61 0.817742 
8843.69 0.81704 
8881.76 0.816327 
8919.84 0.815602 
8957.92 0.814879 
8995.99 0.814157 
9034.07 0.813416 
9072.14 0.81267 
9110.22 0.811925 
9148.3 0.811181 
9186.37 0.810414 
9224.45 0.809646 
9262.53 0.808879 
9300.6 0.808112 
9338.68 0.807319 
9376.75 0.806526 
9414.83 0.805735 
9452.91 0.804942 
9490.98 0.804124 
9529.06 0.803307 
9567.13 0.802491 
9605.21 0.801673 
9643.29 0.800827 
9681.36 0.799981 
9719.44 0.799136 
9757.52 0.798291 
9795.59 0.797416 
9833.67 0.796541 
9871.74 0.795666 
9909.82 0.794791 
9947.9 0.793898 
9985.97 0.793 
10024 0.792103 
10062.1 0.791206 
10100.2 0.790281 
10138.3 0.789341 
10176.4 0.7884 
10214.4 0.787459 
10252.5 0.7865 
10290.6 0.785508 
10328.7 0.784516 
10366.7 0.783522 
10404.8 0.782527 
10442.9 0.781467 
10481 0.780406 
10519 0.779343 
10557.1 0.778278 
10595.2 0.777157 
10633.3 0.775995 
10671.3 0.77483 
10709.4 0.773662 
10747.5 0.772474 
10785.6 0.771132 
10823.6 0.769784 
10861.7 0.768429 
10899.8 0.767067 
10937.9 0.765444 
10976 0.76358 
11014 0.761693 
11052.1 0.759781 
11090.2 0.757845 
11128.3 0.744946 
11166.3 0.727315 
11204.4 0.704408 
11242.5 0.575153 
11280.6 0.620908 
11318.6 0.623476 
11356.7 0.625983 
11394.8 0.62843 
11432.9 0.630818 
11470.9 0.632354 
11509 0.632655 
11547.1 0.632954 
11585.2 0.63325 
11623.2 0.633544 
11661.3 0.633542 
11699.4 0.63328 
11737.5 0.63302 
11775.6 0.63276 
11813.6 0.632503 
11851.7 0.632062 
11889.8 0.631492 
11927.9 0.630924 
11965.9 0.630357 
12004 0.629791 
12042.1 0.629088 
12080.2 0.628277 
12118.2 0.627466 
12156.3 0.626655 
12194.4 0.625844 
12232.5 0.624919 
12270.5 0.623852 
12308.6 0.622783 
12346.7 0.621712 
12384.8 0.620639 
12422.8 0.619458 
12460.9 0.617975 
12499 0.616486 
12537.1 0.614988 
12575.2 0.613482 
12613.2 0.611967 
12651.3 0.607336 
12689.4 0.602524 
12727.5 0.597554 
12765.5 0.592412 
12803.6 0.587088 
12841.7 0.487516 
12879.8 0.499299 
12917.8 0.510364 
12955.9 0.520759 
12994 0.530526 
13032.1 0.537953 
13070.1 0.537444 
13108.2 0.536934 
13146.3 0.536422 
13184.4 0.535909 
13222.4 0.535394 
13260.5 0.531867 
13298.6 0.526633 
13336.7 0.521247 
13374.7 0.515702 
13412.8 0.509986 
13450.9 0.500073 
13489 0.500295 
13527.1 0.500511 
13565.1 0.500723 
13603.2 0.500929 
13641.3 0.501131 
13679.4 0.501023 
13717.4 0.500259 
13755.5 0.499492 
13793.6 0.498721 
13831.7 0.497946 
13869.7 0.497167 
13907.8 0.496251 
13945.9 0.495203 
13984 0.49415 
14022 0.49309 
14060.1 0.492024 
14098.2 0.490952 
14136.3 0.489775 
14174.3 0.488527 
14212.4 0.487272 
14250.5 0.486008 
14288.6 0.484735 
14326.7 0.483453 
14364.7 0.482088 
14402.8 0.480667 
14440.9 0.479234 
14479 0.47779 
14517 0.476335 
14555.1 0.474867 
14593.2 0.473333 
14631.3 0.471739 
14669.3 0.47013 
14707.4 0.468505 
14745.5 0.466866 
14783.6 0.46521 
14821.6 0.463509 
14859.7 0.461733 
14897.8 0.459938 
14935.9 0.458123 
14973.9 0.456289 
15012 0.454434 
15050.1 0.452554 
15088.2 0.450576 
15126.3 0.448574 
15164.3 0.446548 
15202.4 0.444495 
15240.5 0.442416 
15278.6 0.44031 
15316.6 0.438128 
15354.7 0.43589 
15392.8 0.433621 
15430.9 0.431318 
15468.9 0.428982 
15507 0.426611 
15545.1 0.424193 
15583.2 0.421678 
15621.2 0.419124 
15659.3 0.416528 
15697.4 0.413889 
15735.5 0.411205 
15773.5 0.408476 
15811.6 0.405661 
15849.7 0.402768 
15887.8 0.399822 
15925.9 0.396822 
15963.9 0.393767 
16002 0.390654 
16040.1 0.387482 
16078.2 0.384194 
16116.2 0.380833 
16154.3 0.377406 
16192.4 0.373912 
16230.5 0.370348 
16268.5 0.366713 
16306.6 0.363004 
16344.7 0.359162 
16382.8 0.355244 
16420.8 0.351249 
16458.9 0.347177 
16497 0.343027 
16535.1 0.338799 
16573.1 0.334487 
16611.2 0.330046 
16649.3 0.32553 
16687.4 0.32094 
16725.5 0.316278 
16763.5 0.311549 
16801.6 0.306756 
16839.7 0.301899 
16877.8 0.296939 
16915.8 0.291932 
16953.9 0.286884 
16992 0.281803 
17030.1 0.276697 
17068.1 0.271573 
17106.2 0.266442 
17144.3 0.261272 
17182.4 0.256109 
17220.4 0.250967 
17258.5 0.245856 
17296.6 0.240783 
17334.7 0.235757 
17372.7 0.230785 
17410.8 0.225854 
17448.9 0.22098 
17487 0.216183 
17525.1 0.211467 
17563.1 0.206837 
17601.2 0.202297 
17639.3 0.197849 
17677.4 0.193489 
17715.4 0.189208 
17753.5 0.185026 
17791.6 0.180944 
17829.7 0.176961 
17867.7 0.173078 
17905.8 0.169293 
17943.9 0.165605 
17982 0.162001 
18020 0.158487 
18058.1 0.155067 
18096.2 0.15174 
18134.3 0.148502 
18172.3 0.145353 
18210.4 0.142289 
18248.5 0.139307 
18286.6 0.136395 
18324.6 0.133563 
18362.7 0.130809 
18400.8 0.128129 
18438.9 0.125522 
18477 0.122986 
18515 0.120519 
18553.1 0.118114 
18591.2 0.115768 
18629.3 0.113485 
18667.3 0.111262 
18705.4 0.109098 
18743.5 0.106991 
18781.6 0.104939 
18819.6 0.10294 
18857.7 0.10099 
18895.8 0.0990859 
18933.9 0.0972308 
18971.9 0.0954227 
19010 0.0936601 
19048.1 0.0919415 
19086.2 0.0902656 
19124.2 0.0886311 
19162.3 0.0870341 
19200.4 0.0854738 
19238.5 0.0839512 
19276.6 0.0824653 
19314.6 0.0810148 
19352.7 0.0795987 
19390.8 0.0782159 
19428.9 0.0768654 
19466.9 0.075545 
19505 0.0742529 
19543.1 0.0729904 
19581.2 0.0717566 
19619.2 0.0705508 
19657.3 0.0693721 
19695.4 0.0682197 
19733.5 0.0670928 
19771.5 0.0659904 
19809.6 0.0649099 
19847.7 0.0638529 
19885.8 0.0628188 
19923.8 0.0618068 
19961.9 0.0608165 
20000 0.0598472 
