1000 0.935615 
1038.08 0.935308 
1076.15 0.934951 
1114.23 0.9345 
1152.3 0.933969 
1190.38 0.933369 
1228.46 0.932708 
1266.53 0.932025 
1304.61 0.93131 
1342.69 0.930519 
1380.76 0.929657 
1418.84 0.928715 
1456.91 0.927697 
1494.99 0.926616 
1533.07 0.92546 
1571.14 0.924198 
1609.22 0.922811 
1647.29 0.921289 
1685.37 0.919587 
1723.45 0.917707 
1761.52 0.915595 
1799.6 0.913157 
1837.68 0.910266 
1875.75 0.906593 
1913.83 0.901727 
1951.9 0.894679 
1989.98 0.882379 
2028.06 0.810003 
2066.13 0.742937 
2104.21 0.686997 
2142.28 0.744648 
2180.36 0.770718 
2218.44 0.782456 
2256.51 0.789926 
2294.59 0.795138 
2332.67 0.798892 
2370.74 0.801585 
2408.82 0.803405 
2446.89 0.80437 
2484.97 0.804232 
2523.05 0.801188 
2561.12 0.771633 
2599.2 0.792575 
2637.27 0.796542 
2675.35 0.798886 
2713.43 0.800475 
2751.5 0.801566 
2789.58 0.802232 
2827.66 0.802424 
2865.73 0.801915 
2903.81 0.794569 
2941.88 0.795867 
2979.96 0.797373 
3018.04 0.797921 
3056.11 0.798105 
3094.19 0.798002 
3132.26 0.79689 
3170.34 0.79304 
3208.42 0.792112 
3246.49 0.793634 
3284.57 0.793622 
3322.65 0.793403 
3360.72 0.793065 
3398.8 0.792662 
3436.87 0.792196 
3474.95 0.791635 
3513.03 0.791039 
3551.1 0.790411 
3589.18 0.789698 
3627.25 0.788961 
3665.33 0.788199 
3703.41 0.787367 
3741.48 0.786518 
3779.56 0.78564 
3817.64 0.78471 
3855.71 0.783766 
3893.79 0.782776 
3931.86 0.781761 
3969.94 0.78073 
4008.02 0.77965 
4046.09 0.778562 
4084.17 0.777432 
4122.24 0.776284 
4160.32 0.77512 
4198.4 0.773917 
4236.47 0.772712 
4274.55 0.771455 
4312.62 0.770199 
4350.7 0.768904 
4388.78 0.767599 
4426.85 0.766267 
4464.93 0.764916 
4503.01 0.763547 
4541.08 0.762153 
4579.16 0.760747 
4617.23 0.759312 
4655.31 0.75787 
4693.39 0.756396 
4731.46 0.754917 
4769.54 0.753406 
4807.62 0.75189 
4845.69 0.750345 
4883.77 0.748794 
4921.84 0.747216 
4959.92 0.745631 
4998 0.744021 
5036.07 0.742401 
5074.15 0.740762 
5112.22 0.739106 
5150.3 0.73744 
5188.38 0.735751 
5226.45 0.734058 
5264.53 0.732336 
5302.6 0.730618 
5340.68 0.728863 
5378.76 0.727112 
5416.83 0.725335 
5454.91 0.72355 
5492.99 0.721752 
5531.06 0.719935 
5569.14 0.718117 
5607.21 0.716268 
5645.29 0.714423 
5683.37 0.712553 
5721.44 0.710676 
5759.52 0.70879 
5797.6 0.706883 
5835.67 0.704978 
5873.75 0.703043 
5911.82 0.701108 
5949.9 0.699161 
5987.98 0.697196 
6026.05 0.695234 
6064.13 0.693243 
6102.2 0.691251 
6140.28 0.68925 
6178.36 0.687229 
6216.43 0.685211 
6254.51 0.68317 
6292.59 0.681124 
6330.66 0.679076 
6368.74 0.677002 
6406.81 0.674929 
6444.89 0.672846 
6482.97 0.670748 
6521.04 0.668651 
6559.12 0.666535 
6597.19 0.664412 
6635.27 0.662291 
6673.35 0.660145 
6711.42 0.657998 
6749.5 0.655851 
6787.58 0.653679 
6825.65 0.651509 
6863.73 0.649336 
6901.8 0.647142 
6939.88 0.644951 
6977.96 0.642753 
7016.03 0.640538 
7054.11 0.638324 
7092.18 0.636103 
7130.26 0.633867 
7168.34 0.631632 
7206.41 0.629391 
7244.49 0.627135 
7282.57 0.62488 
7320.64 0.62262 
7358.72 0.620345 
7396.79 0.618071 
7434.87 0.615795 
7472.95 0.613501 
7511.02 0.611209 
7549.1 0.608918 
7587.17 0.606606 
7625.25 0.604297 
7663.33 0.601989 
7701.4 0.599665 
7739.48 0.597339 
7777.55 0.595015 
7815.63 0.592681 
7853.71 0.590339 
7891.78 0.587999 
7929.86 0.585656 
7967.94 0.583299 
8006.01 0.580945 
8044.09 0.578592 
8082.16 0.576224 
8120.24 0.573855 
8158.32 0.571489 
8196.39 0.569116 
8234.47 0.566734 
8272.54 0.564355 
8310.62 0.561978 
8348.7 0.559585 
8386.77 0.557193 
8424.85 0.554805 
8462.93 0.55241 
8501 0.550006 
8539.08 0.547606 
8577.15 0.545209 
8615.23 0.542798 
8653.31 0.540388 
8691.38 0.537981 
8729.46 0.535573 
8767.54 0.533153 
8805.61 0.530736 
8843.69 0.528322 
8881.76 0.525902 
8919.84 0.523476 
8957.92 0.521054 
8995.99 0.518635 
9034.07 0.516205 
9072.14 0.513775 
9110.22 0.511347 
9148.3 0.508924 
9186.37 0.506487 
9224.45 0.504052 
9262.53 0.501622 
9300.6 0.499194 
9338.68 0.496752 
9376.75 0.494314 
9414.83 0.491879 
9452.91 0.489448 
9490.98 0.487003 
9529.06 0.484562 
9567.13 0.482125 
9605.21 0.479691 
9643.29 0.477243 
9681.36 0.474799 
9719.44 0.472359 
9757.52 0.469924 
9795.59 0.467472 
9833.67 0.465026 
9871.74 0.462584 
9909.82 0.460146 
9947.9 0.457701 
9985.97 0.455258 
10024 0.45282 
10062.1 0.450386 
10100.2 0.44794 
10138.3 0.445489 
10176.4 0.443042 
10214.4 0.440601 
10252.5 0.438153 
10290.6 0.43569 
10328.7 0.433232 
10366.7 0.430778 
10404.8 0.428329 
10442.9 0.425846 
10481 0.423366 
10519 0.420892 
10557.1 0.418423 
10595.2 0.415924 
10633.3 0.413406 
10671.3 0.410893 
10709.4 0.408383 
10747.5 0.405869 
10785.6 0.403264 
10823.6 0.400663 
10861.7 0.398064 
10899.8 0.395468 
10937.9 0.392717 
10976 0.389823 
11014 0.386922 
11052.1 0.384015 
11090.2 0.3811 
11128.3 0.371303 
11166.3 0.358306 
11204.4 0.341392 
11242.5 0.269838 
11280.6 0.295868 
11318.6 0.295968 
11356.7 0.296022 
11394.8 0.296033 
11432.9 0.296001 
11470.9 0.295466 
11509 0.294215 
11547.1 0.292963 
11585.2 0.29171 
11623.2 0.290457 
11661.3 0.289038 
11699.4 0.287474 
11737.5 0.285914 
11775.6 0.284358 
11813.6 0.282806 
11851.7 0.281156 
11889.8 0.279438 
11927.9 0.277725 
11965.9 0.276018 
12004 0.274316 
12042.1 0.272544 
12080.2 0.270717 
12118.2 0.268896 
12156.3 0.26708 
12194.4 0.26527 
12232.5 0.263403 
12270.5 0.261465 
12308.6 0.259532 
12346.7 0.257604 
12384.8 0.25568 
12422.8 0.253705 
12460.9 0.251574 
12499 0.249446 
12537.1 0.247319 
12575.2 0.245195 
12613.2 0.243072 
12651.3 0.239276 
12689.4 0.235386 
12727.5 0.231411 
12765.5 0.227342 
12803.6 0.223172 
12841.7 0.175205 
12879.8 0.180255 
12917.8 0.18489 
12955.9 0.189134 
12994 0.193009 
13032.1 0.195654 
13070.1 0.194277 
13108.2 0.192902 
13146.3 0.191532 
13184.4 0.190164 
13222.4 0.1888 
13260.5 0.185941 
13298.6 0.182237 
13336.7 0.178466 
13374.7 0.17462 
13412.8 0.170696 
13450.9 0.167299 
13489 0.16639 
13527.1 0.16548 
13565.1 0.164571 
13603.2 0.163661 
13641.3 0.162752 
13679.4 0.161698 
13717.4 0.160341 
13755.5 0.158986 
13793.6 0.157635 
13831.7 0.156286 
13869.7 0.154941 
13907.8 0.153537 
13945.9 0.152078 
13984 0.150622 
14022 0.149168 
14060.1 0.147716 
14098.2 0.146266 
14136.3 0.144775 
14174.3 0.143258 
14212.4 0.141742 
14250.5 0.140228 
14288.6 0.138715 
14326.7 0.137203 
14364.7 0.13566 
14402.8 0.134098 
14440.9 0.132536 
14479 0.130974 
14517 0.129412 
14555.1 0.12785 
14593.2 0.126265 
14631.3 0.124659 
14669.3 0.123053 
14707.4 0.121445 
14745.5 0.119835 
14783.6 0.118223 
14821.6 0.116598 
14859.7 0.114948 
14897.8 0.113295 
14935.9 0.111639 
14973.9 0.10998 
15012 0.108318 
15050.1 0.106652 
15088.2 0.104954 
15126.3 0.103252 
15164.3 0.101547 
15202.4 0.0998391 
15240.5 0.0981278 
15278.6 0.0964137 
15316.6 0.0946799 
15354.7 0.0929348 
15392.8 0.0911879 
15430.9 0.0894398 
15468.9 0.087691 
15507 0.0859426 
15545.1 0.0841916 
15583.2 0.0824238 
15621.2 0.0806596 
15659.3 0.0789001 
15697.4 0.0771467 
15735.5 0.075401 
15773.5 0.0736645 
15811.6 0.0719284 
15849.7 0.0701972 
15887.8 0.0684809 
15925.9 0.0667815 
15963.9 0.0651008 
16002 0.0634406 
16040.1 0.0618027 
16078.2 0.0601765 
16116.2 0.0585745 
16154.3 0.0570002 
16192.4 0.0554552 
16230.5 0.0539405 
16268.5 0.0524573 
16306.6 0.0510062 
16344.7 0.049578 
16382.8 0.0481841 
16420.8 0.046825 
16458.9 0.0455008 
16497 0.0442117 
16535.1 0.0429576 
16573.1 0.0417374 
16611.2 0.0405453 
16649.3 0.0393877 
16687.4 0.0382644 
16725.5 0.0371745 
16763.5 0.0361176 
16801.6 0.0350929 
16839.7 0.0340993 
16877.8 0.0331316 
16915.8 0.0321943 
16953.9 0.0312864 
16992 0.0304071 
17030.1 0.0295556 
17068.1 0.0287309 
17106.2 0.0279323 
17144.3 0.0271558 
17182.4 0.0264037 
17220.4 0.0256754 
17258.5 0.0249702 
17296.6 0.0242872 
17334.7 0.0236258 
17372.7 0.0229851 
17410.8 0.0223629 
17448.9 0.0217594 
17487 0.0211748 
17525.1 0.0206082 
17563.1 0.0200593 
17601.2 0.0195273 
17639.3 0.0190116 
17677.4 0.0185112 
17715.4 0.0180249 
17753.5 0.0175533 
17791.6 0.017096 
17829.7 0.0166524 
17867.7 0.0162222 
17905.8 0.0158047 
17943.9 0.0153997 
17982 0.0150057 
18020 0.014623 
18058.1 0.0142515 
18096.2 0.0138909 
18134.3 0.0135407 
18172.3 0.0132007 
18210.4 0.0128704 
18248.5 0.0125495 
18286.6 0.0122369 
18324.6 0.0119333 
18362.7 0.0116383 
18400.8 0.0113515 
18438.9 0.0110727 
18477 0.0108018 
18515 0.0105383 
18553.1 0.0102819 
18591.2 0.0100322 
18629.3 0.00978927 
18667.3 0.00955304 
18705.4 0.00932321 
18743.5 0.0090996 
18781.6 0.008882 
18819.6 0.00867024 
18857.7 0.00846392 
18895.8 0.00826289 
18933.9 0.0080672 
18971.9 0.00787667 
19010 0.00769116 
19048.1 0.0075105 
19086.2 0.00733457 
19124.2 0.0071632 
19162.3 0.00699612 
19200.4 0.00683322 
19238.5 0.00667451 
19276.6 0.00651987 
19314.6 0.00636918 
19352.7 0.00622233 
19390.8 0.0060792 
19428.9 0.00593969 
19466.9 0.00580362 
19505 0.00567083 
19543.1 0.00554137 
19581.2 0.00541514 
19619.2 0.00529205 
19657.3 0.00517202 
19695.4 0.00505496 
19733.5 0.00494078 
19771.5 0.00482939 
19809.6 0.00472059 
19847.7 0.00461445 
19885.8 0.00451091 
19923.8 0.00440987 
19961.9 0.00431129 
20000 0.00421509 
