1000 0.93322 
1038.08 0.932886 
1076.15 0.932498 
1114.23 0.932013 
1152.3 0.931445 
1190.38 0.930804 
1228.46 0.930101 
1266.53 0.929374 
1304.61 0.928612 
1342.69 0.927773 
1380.76 0.926859 
1418.84 0.925862 
1456.91 0.924786 
1494.99 0.923644 
1533.07 0.922424 
1571.14 0.921095 
1609.22 0.919636 
1647.29 0.918037 
1685.37 0.916251 
1723.45 0.914281 
1761.52 0.912072 
1799.6 0.909524 
1837.68 0.90651 
1875.75 0.902688 
1913.83 0.897636 
1951.9 0.890332 
1989.98 0.877614 
2028.06 0.803038 
2066.13 0.734364 
2104.21 0.677126 
2142.28 0.736102 
2180.36 0.762771 
2218.44 0.77477 
2256.51 0.782395 
2294.59 0.787705 
2332.67 0.791521 
2370.74 0.794246 
2408.82 0.796076 
2446.89 0.797026 
2484.97 0.796845 
2523.05 0.793678 
2561.12 0.763337 
2599.2 0.784774 
2637.27 0.788802 
2675.35 0.791165 
2713.43 0.792753 
2751.5 0.793829 
2789.58 0.794468 
2827.66 0.794621 
2865.73 0.794053 
2903.81 0.786468 
2941.88 0.787763 
2979.96 0.789262 
3018.04 0.789778 
3056.11 0.78992 
3094.19 0.789766 
3132.26 0.788578 
3170.34 0.784578 
3208.42 0.783583 
3246.49 0.785095 
3284.57 0.785033 
3322.65 0.784759 
3360.72 0.784362 
3398.8 0.783897 
3436.87 0.783368 
3474.95 0.782741 
3513.03 0.782078 
3551.1 0.781381 
3589.18 0.780597 
3627.25 0.779788 
3665.33 0.778953 
3703.41 0.778046 
3741.48 0.777121 
3779.56 0.776166 
3817.64 0.775157 
3855.71 0.774133 
3893.79 0.773063 
3931.86 0.771965 
3969.94 0.770852 
4008.02 0.769688 
4046.09 0.768516 
4084.17 0.7673 
4122.24 0.766066 
4160.32 0.764815 
4198.4 0.763524 
4236.47 0.76223 
4274.55 0.760883 
4312.62 0.759537 
4350.7 0.758151 
4388.78 0.756754 
4426.85 0.75533 
4464.93 0.753886 
4503.01 0.752423 
4541.08 0.750934 
4579.16 0.749433 
4617.23 0.747902 
4655.31 0.746364 
4693.39 0.744792 
4731.46 0.743216 
4769.54 0.741607 
4807.62 0.739994 
4845.69 0.738349 
4883.77 0.7367 
4921.84 0.735022 
4959.92 0.733336 
4998 0.731626 
5036.07 0.729904 
5074.15 0.728164 
5112.22 0.726407 
5150.3 0.724639 
5188.38 0.722847 
5226.45 0.721052 
5264.53 0.719226 
5302.6 0.717406 
5340.68 0.715547 
5378.76 0.713692 
5416.83 0.71181 
5454.91 0.709922 
5492.99 0.708019 
5531.06 0.706097 
5569.14 0.704175 
5607.21 0.702221 
5645.29 0.70027 
5683.37 0.698295 
5721.44 0.696313 
5759.52 0.694321 
5797.6 0.692308 
5835.67 0.690297 
5873.75 0.688257 
5911.82 0.686216 
5949.9 0.684163 
5987.98 0.682092 
6026.05 0.680024 
6064.13 0.677927 
6102.2 0.675829 
6140.28 0.673722 
6178.36 0.671595 
6216.43 0.669471 
6254.51 0.667325 
6292.59 0.665173 
6330.66 0.66302 
6368.74 0.66084 
6406.81 0.658662 
6444.89 0.656474 
6482.97 0.65427 
6521.04 0.652068 
6559.12 0.649848 
6597.19 0.647621 
6635.27 0.645395 
6673.35 0.643145 
6711.42 0.640894 
6749.5 0.638644 
6787.58 0.636368 
6825.65 0.634095 
6863.73 0.631819 
6901.8 0.629523 
6939.88 0.627229 
6977.96 0.624929 
7016.03 0.622612 
7054.11 0.620297 
7092.18 0.617975 
7130.26 0.615638 
7168.34 0.613304 
7206.41 0.610962 
7244.49 0.608606 
7282.57 0.606252 
7320.64 0.603894 
7358.72 0.60152 
7396.79 0.599148 
7434.87 0.596775 
7472.95 0.594384 
7511.02 0.591995 
7549.1 0.589608 
7587.17 0.587201 
7625.25 0.584795 
7663.33 0.582393 
7701.4 0.579975 
7739.48 0.577555 
7777.55 0.575138 
7815.63 0.572711 
7853.71 0.570277 
7891.78 0.567846 
7929.86 0.565412 
7967.94 0.562964 
8006.01 0.56052 
8044.09 0.558078 
8082.16 0.555621 
8120.24 0.553164 
8158.32 0.550711 
8196.39 0.548251 
8234.47 0.545782 
8272.54 0.543317 
8310.62 0.540856 
8348.7 0.538377 
8386.77 0.535902 
8424.85 0.53343 
8462.93 0.530953 
8501 0.528467 
8539.08 0.525986 
8577.15 0.523508 
8615.23 0.521018 
8653.31 0.518528 
8691.38 0.516043 
8729.46 0.513557 
8767.54 0.511059 
8805.61 0.508566 
8843.69 0.506076 
8881.76 0.503581 
8919.84 0.501081 
8957.92 0.498585 
8995.99 0.496094 
9034.07 0.493592 
9072.14 0.49109 
9110.22 0.488592 
9148.3 0.486099 
9186.37 0.483592 
9224.45 0.481089 
9262.53 0.47859 
9300.6 0.476096 
9338.68 0.473587 
9376.75 0.471083 
9414.83 0.468584 
9452.91 0.466089 
9490.98 0.46358 
9529.06 0.461077 
9567.13 0.458578 
9605.21 0.456083 
9643.29 0.453574 
9681.36 0.45107 
9719.44 0.448571 
9757.52 0.446077 
9795.59 0.443569 
9833.67 0.441065 
9871.74 0.438567 
9909.82 0.436074 
9947.9 0.433573 
9985.97 0.431076 
10024 0.428584 
10062.1 0.426098 
10100.2 0.4236 
10138.3 0.421096 
10176.4 0.418599 
10214.4 0.416107 
10252.5 0.413609 
10290.6 0.411096 
10328.7 0.408588 
10366.7 0.406086 
10404.8 0.40359 
10442.9 0.401057 
10481 0.39853 
10519 0.396009 
10557.1 0.393493 
10595.2 0.390947 
10633.3 0.388381 
10671.3 0.38582 
10709.4 0.383263 
10747.5 0.380701 
10785.6 0.378046 
10823.6 0.375393 
10861.7 0.372743 
10899.8 0.370096 
10937.9 0.367285 
10976 0.364323 
11014 0.361353 
11052.1 0.358373 
11090.2 0.355384 
11128.3 0.345024 
11166.3 0.330983 
11204.4 0.312085 
11242.5 0.242759 
11280.6 0.27 
11318.6 0.270137 
11356.7 0.270228 
11394.8 0.270276 
11432.9 0.27028 
11470.9 0.269765 
11509 0.268505 
11547.1 0.267245 
11585.2 0.265986 
11623.2 0.264727 
11661.3 0.263297 
11699.4 0.261715 
11737.5 0.260139 
11775.6 0.258566 
11813.6 0.256998 
11851.7 0.255329 
11889.8 0.253589 
11927.9 0.251854 
11965.9 0.250125 
12004 0.248401 
12042.1 0.246603 
12080.2 0.244748 
12118.2 0.242899 
12156.3 0.241054 
12194.4 0.239214 
12232.5 0.237315 
12270.5 0.235339 
12308.6 0.233368 
12346.7 0.2314 
12384.8 0.229436 
12422.8 0.227415 
12460.9 0.225226 
12499 0.223038 
12537.1 0.220849 
12575.2 0.218658 
12613.2 0.216467 
12651.3 0.212451 
12689.4 0.208314 
12727.5 0.204061 
12765.5 0.199682 
12803.6 0.195161 
12841.7 0.147452 
12879.8 0.152853 
12917.8 0.157844 
12955.9 0.162435 
12994 0.166643 
13032.1 0.16954 
13070.1 0.16814 
13108.2 0.166743 
13146.3 0.165349 
13184.4 0.163957 
13222.4 0.162568 
13260.5 0.159564 
13298.6 0.155638 
13336.7 0.151625 
13374.7 0.14752 
13412.8 0.143317 
13450.9 0.141441 
13489 0.140535 
13527.1 0.139629 
13565.1 0.138723 
13603.2 0.137817 
13641.3 0.136911 
13679.4 0.135852 
13717.4 0.134466 
13755.5 0.133083 
13793.6 0.131701 
13831.7 0.130321 
13869.7 0.128943 
13907.8 0.127502 
13945.9 0.126 
13984 0.124498 
14022 0.122998 
14060.1 0.121498 
14098.2 0.119999 
14136.3 0.118454 
14174.3 0.116879 
14212.4 0.115305 
14250.5 0.11373 
14288.6 0.112154 
14326.7 0.110577 
14364.7 0.108967 
14402.8 0.107335 
14440.9 0.105701 
14479 0.104067 
14517 0.102431 
14555.1 0.100794 
14593.2 0.0991331 
14631.3 0.0974509 
14669.3 0.0957679 
14707.4 0.0940841 
14745.5 0.0924 
14783.6 0.0907158 
14821.6 0.0890205 
14859.7 0.0873032 
14897.8 0.0855877 
14935.9 0.0838746 
14973.9 0.0821647 
15012 0.080459 
15050.1 0.0787572 
15088.2 0.0770347 
15126.3 0.0753201 
15164.3 0.0736149 
15202.4 0.0719202 
15240.5 0.0702378 
15278.6 0.0685691 
15316.6 0.066901 
15354.7 0.0652425 
15392.8 0.0636033 
15430.9 0.0619848 
15468.9 0.0603885 
15507 0.0588161 
15545.1 0.0572661 
15583.2 0.0557286 
15621.2 0.0542197 
15659.3 0.0527404 
15697.4 0.0512917 
15735.5 0.0498743 
15773.5 0.0484889 
15811.6 0.0471291 
15849.7 0.0457974 
15887.8 0.0444995 
15925.9 0.0432355 
15963.9 0.0420055 
16002 0.0408091 
16040.1 0.0396463 
16078.2 0.0385093 
16116.2 0.0374042 
16154.3 0.0363319 
16192.4 0.0352917 
16230.5 0.0342829 
16268.5 0.033305 
16306.6 0.0323569 
16344.7 0.0314324 
16382.8 0.0305369 
16420.8 0.0296696 
16458.9 0.0288296 
16497 0.0280161 
16535.1 0.0272283 
16573.1 0.026465 
16611.2 0.0257222 
16649.3 0.0250031 
16687.4 0.0243069 
16725.5 0.0236326 
16763.5 0.0229798 
16801.6 0.0223475 
16839.7 0.0217349 
16877.8 0.0211389 
16915.8 0.0205617 
16953.9 0.0200026 
16992 0.0194609 
17030.1 0.0189361 
17068.1 0.0184275 
17106.2 0.0179346 
17144.3 0.017455 
17182.4 0.0169901 
17220.4 0.0165393 
17258.5 0.0161023 
17296.6 0.0156785 
17334.7 0.0152674 
17372.7 0.0148687 
17410.8 0.014481 
17448.9 0.0141044 
17487 0.0137391 
17525.1 0.0133844 
17563.1 0.0130403 
17601.2 0.0127062 
17639.3 0.0123818 
17677.4 0.0120666 
17715.4 0.0117598 
17753.5 0.0114618 
17791.6 0.0111724 
17829.7 0.0108912 
17867.7 0.0106181 
17905.8 0.0103526 
17943.9 0.0100947 
17982 0.00984344 
18020 0.00959906 
18058.1 0.0093615 
18096.2 0.00913054 
18134.3 0.00890594 
18172.3 0.00868753 
18210.4 0.0084751 
18248.5 0.0082684 
18286.6 0.0080669 
18324.6 0.00787088 
18362.7 0.00768014 
18400.8 0.00749453 
18438.9 0.00731391 
18477 0.0071381 
18515 0.00696695 
18553.1 0.00680022 
18591.2 0.00663768 
18629.3 0.00647941 
18667.3 0.00632531 
18705.4 0.00617523 
18743.5 0.00602907 
18781.6 0.00588669 
18819.6 0.005748 
18857.7 0.00561276 
18895.8 0.00548088 
18933.9 0.00535238 
18971.9 0.00522716 
19010 0.00510514 
19048.1 0.00498621 
19086.2 0.0048703 
19124.2 0.00475731 
19162.3 0.00464708 
19200.4 0.00453952 
19238.5 0.00443466 
19276.6 0.00433242 
19314.6 0.00423272 
19352.7 0.0041355 
19390.8 0.00404068 
19428.9 0.00394821 
19466.9 0.00385796 
19505 0.00376985 
19543.1 0.0036839 
19581.2 0.00360005 
19619.2 0.00351824 
19657.3 0.00343843 
19695.4 0.00336055 
19733.5 0.00328455 
19771.5 0.00321038 
19809.6 0.00313791 
19847.7 0.00306719 
19885.8 0.00299816 
19923.8 0.00293078 
19961.9 0.00286501 
20000 0.00280081 
