1000 0.952445 
1038.08 0.952526 
1076.15 0.952579 
1114.23 0.952568 
1152.3 0.952504 
1190.38 0.952396 
1228.46 0.95225 
1266.53 0.952099 
1304.61 0.951932 
1342.69 0.951717 
1380.76 0.951456 
1418.84 0.951141 
1456.91 0.950775 
1494.99 0.95037 
1533.07 0.949914 
1571.14 0.949385 
1609.22 0.948764 
1647.29 0.948044 
1685.37 0.947187 
1723.45 0.946196 
1761.52 0.945025 
1799.6 0.943596 
1837.68 0.941805 
1875.75 0.939381 
1913.83 0.935982 
1951.9 0.930789 
1989.98 0.921258 
2028.06 0.861634 
2066.13 0.804467 
2104.21 0.75653 
2142.28 0.806902 
2180.36 0.829935 
2218.44 0.840621 
2256.51 0.847657 
2294.59 0.852775 
2332.67 0.856662 
2370.74 0.859657 
2408.82 0.86192 
2446.89 0.863467 
2484.97 0.864087 
2523.05 0.862237 
2561.12 0.837568 
2599.2 0.856321 
2637.27 0.860497 
2675.35 0.863296 
2713.43 0.865462 
2751.5 0.867212 
2789.58 0.868611 
2827.66 0.869616 
2865.73 0.87003 
2903.81 0.864573 
2941.88 0.866526 
2979.96 0.868706 
3018.04 0.870073 
3056.11 0.871137 
3094.19 0.871966 
3132.26 0.871934 
3170.34 0.869542 
3208.42 0.869664 
3246.49 0.871944 
3284.57 0.872905 
3322.65 0.8737 
3360.72 0.874402 
3398.8 0.875058 
3436.87 0.875671 
3474.95 0.876212 
3513.03 0.876734 
3551.1 0.877238 
3589.18 0.877679 
3627.25 0.87811 
3665.33 0.878529 
3703.41 0.878897 
3741.48 0.879261 
3779.56 0.879609 
3817.64 0.879922 
3855.71 0.880233 
3893.79 0.880514 
3931.86 0.880781 
3969.94 0.881046 
4008.02 0.881276 
4046.09 0.88151 
4084.17 0.881716 
4122.24 0.881915 
4160.32 0.88211 
4198.4 0.882279 
4236.47 0.882456 
4274.55 0.882597 
4312.62 0.882747 
4350.7 0.882871 
4388.78 0.882996 
4426.85 0.883106 
4464.93 0.883207 
4503.01 0.883301 
4541.08 0.883381 
4579.16 0.883459 
4617.23 0.88352 
4655.31 0.883582 
4693.39 0.883625 
4731.46 0.883671 
4769.54 0.883696 
4807.62 0.883726 
4845.69 0.883737 
4883.77 0.883751 
4921.84 0.883747 
4959.92 0.883745 
4998 0.883729 
5036.07 0.883711 
5074.15 0.883683 
5112.22 0.883647 
5150.3 0.883609 
5188.38 0.883558 
5226.45 0.883511 
5264.53 0.883443 
5302.6 0.883387 
5340.68 0.883303 
5378.76 0.883229 
5416.83 0.883139 
5454.91 0.883048 
5492.99 0.882952 
5531.06 0.882844 
5569.14 0.882742 
5607.21 0.882618 
5645.29 0.882503 
5683.37 0.882371 
5721.44 0.88224 
5759.52 0.882105 
5797.6 0.881956 
5835.67 0.881816 
5873.75 0.881653 
5911.82 0.881495 
5949.9 0.881332 
5987.98 0.881157 
6026.05 0.88099 
6064.13 0.880801 
6102.2 0.880617 
6140.28 0.880429 
6178.36 0.880227 
6216.43 0.880032 
6254.51 0.879821 
6292.59 0.879608 
6330.66 0.8794 
6368.74 0.87917 
6406.81 0.878946 
6444.89 0.878717 
6482.97 0.878477 
6521.04 0.878242 
6559.12 0.877994 
6597.19 0.877742 
6635.27 0.877496 
6673.35 0.877229 
6711.42 0.876965 
6749.5 0.876704 
6787.58 0.876423 
6825.65 0.876147 
6863.73 0.875871 
6901.8 0.875577 
6939.88 0.875289 
6977.96 0.874998 
7016.03 0.874692 
7054.11 0.874391 
7092.18 0.874085 
7130.26 0.873766 
7168.34 0.873452 
7206.41 0.873133 
7244.49 0.872801 
7282.57 0.872473 
7320.64 0.872142 
7358.72 0.871797 
7396.79 0.871455 
7434.87 0.871114 
7472.95 0.870755 
7511.02 0.8704 
7549.1 0.870048 
7587.17 0.869675 
7625.25 0.869305 
7663.33 0.86894 
7701.4 0.868558 
7739.48 0.868175 
7777.55 0.867795 
7815.63 0.867405 
7853.71 0.867008 
7891.78 0.866613 
7929.86 0.866217 
7967.94 0.865804 
8006.01 0.865395 
8044.09 0.864989 
8082.16 0.864565 
8120.24 0.864141 
8158.32 0.86372 
8196.39 0.86329 
8234.47 0.862851 
8272.54 0.862414 
8310.62 0.86198 
8348.7 0.861526 
8386.77 0.861073 
8424.85 0.860624 
8462.93 0.860166 
8501 0.859697 
8539.08 0.859231 
8577.15 0.858767 
8615.23 0.858287 
8653.31 0.857805 
8691.38 0.857326 
8729.46 0.856843 
8767.54 0.856345 
8805.61 0.855848 
8843.69 0.855353 
8881.76 0.854849 
8919.84 0.854336 
8957.92 0.853825 
8995.99 0.853315 
9034.07 0.85279 
9072.14 0.852261 
9110.22 0.851734 
9148.3 0.851208 
9186.37 0.850662 
9224.45 0.850117 
9262.53 0.849573 
9300.6 0.849029 
9338.68 0.848464 
9376.75 0.847901 
9414.83 0.847339 
9452.91 0.846776 
9490.98 0.846193 
9529.06 0.845611 
9567.13 0.84503 
9605.21 0.844449 
9643.29 0.843845 
9681.36 0.843242 
9719.44 0.84264 
9757.52 0.842039 
9795.59 0.841414 
9833.67 0.840789 
9871.74 0.840165 
9909.82 0.839542 
9947.9 0.838905 
9985.97 0.838265 
10024 0.837626 
10062.1 0.836989 
10100.2 0.836329 
10138.3 0.835658 
10176.4 0.834987 
10214.4 0.834317 
10252.5 0.833634 
10290.6 0.832925 
10328.7 0.832216 
10366.7 0.831508 
10404.8 0.830799 
10442.9 0.830041 
10481 0.829282 
10519 0.828523 
10557.1 0.827765 
10595.2 0.826963 
10633.3 0.826131 
10671.3 0.825299 
10709.4 0.824465 
10747.5 0.823618 
10785.6 0.822655 
10823.6 0.821689 
10861.7 0.82072 
10899.8 0.819749 
10937.9 0.818583 
10976 0.81724 
11014 0.815885 
11052.1 0.814517 
11090.2 0.813137 
11128.3 0.803772 
11166.3 0.791357 
11204.4 0.775923 
11242.5 0.664125 
11280.6 0.699268 
11318.6 0.701437 
11356.7 0.703554 
11394.8 0.705621 
11432.9 0.707638 
11470.9 0.708994 
11509 0.709396 
11547.1 0.709796 
11585.2 0.710192 
11623.2 0.710586 
11661.3 0.710752 
11699.4 0.710717 
11737.5 0.710684 
11775.6 0.710652 
11813.6 0.710622 
11851.7 0.710453 
11889.8 0.710184 
11927.9 0.709919 
11965.9 0.709656 
12004 0.709395 
12042.1 0.709032 
12080.2 0.708587 
12118.2 0.708145 
12156.3 0.707706 
12194.4 0.707269 
12232.5 0.706748 
12270.5 0.706124 
12308.6 0.705501 
12346.7 0.704881 
12384.8 0.704263 
12422.8 0.70357 
12460.9 0.702659 
12499 0.701749 
12537.1 0.70084 
12575.2 0.69993 
12613.2 0.699021 
12651.3 0.695916 
12689.4 0.69272 
12727.5 0.68945 
12765.5 0.686103 
12803.6 0.682675 
12841.7 0.602259 
12879.8 0.610889 
12917.8 0.619015 
12955.9 0.626671 
12994 0.633887 
13032.1 0.639436 
13070.1 0.639298 
13108.2 0.639161 
13146.3 0.639025 
13184.4 0.638889 
13222.4 0.638754 
13260.5 0.636504 
13298.6 0.633083 
13336.7 0.629596 
13374.7 0.626039 
13412.8 0.62241 
13450.9 0.610813 
13489 0.611223 
13527.1 0.611628 
13565.1 0.612028 
13603.2 0.612424 
13641.3 0.612815 
13679.4 0.612987 
13717.4 0.612703 
13755.5 0.612418 
13793.6 0.612134 
13831.7 0.611851 
13869.7 0.611567 
13907.8 0.611191 
13945.9 0.610726 
13984 0.610262 
14022 0.609798 
14060.1 0.609335 
14098.2 0.608872 
14136.3 0.608341 
14174.3 0.607766 
14212.4 0.607192 
14250.5 0.606618 
14288.6 0.606044 
14326.7 0.605471 
14364.7 0.604846 
14402.8 0.604189 
14440.9 0.603533 
14479 0.602876 
14517 0.602219 
14555.1 0.601562 
14593.2 0.600869 
14631.3 0.600142 
14669.3 0.599415 
14707.4 0.598687 
14745.5 0.597959 
14783.6 0.59723 
14821.6 0.596481 
14859.7 0.595692 
14897.8 0.594902 
14935.9 0.594111 
14973.9 0.593319 
15012 0.592526 
15050.1 0.591729 
15088.2 0.590881 
15126.3 0.590031 
15164.3 0.589179 
15202.4 0.588326 
15240.5 0.587472 
15278.6 0.586616 
15316.6 0.585726 
15354.7 0.584818 
15392.8 0.583908 
15430.9 0.582995 
15468.9 0.582081 
15507 0.581164 
15545.1 0.580238 
15583.2 0.579271 
15621.2 0.578302 
15659.3 0.577329 
15697.4 0.576354 
15735.5 0.575376 
15773.5 0.574395 
15811.6 0.573386 
15849.7 0.572356 
15887.8 0.571321 
15925.9 0.570283 
15963.9 0.569241 
16002 0.568196 
16040.1 0.567146 
16078.2 0.566057 
16116.2 0.564958 
16154.3 0.563854 
16192.4 0.562745 
16230.5 0.561632 
16268.5 0.560513 
16306.6 0.559388 
16344.7 0.55822 
16382.8 0.557046 
16420.8 0.555866 
16458.9 0.55468 
16497 0.553487 
16535.1 0.552289 
16573.1 0.551079 
16611.2 0.549829 
16649.3 0.548572 
16687.4 0.547307 
16725.5 0.546034 
16763.5 0.544753 
16801.6 0.543464 
16839.7 0.542164 
16877.8 0.540821 
16915.8 0.539469 
16953.9 0.538107 
16992 0.536735 
17030.1 0.535353 
17068.1 0.533961 
17106.2 0.532557 
17144.3 0.53111 
17182.4 0.529648 
17220.4 0.528174 
17258.5 0.526688 
17296.6 0.525188 
17334.7 0.523675 
17372.7 0.522149 
17410.8 0.520585 
17448.9 0.518993 
17487 0.517387 
17525.1 0.515764 
17563.1 0.514125 
17601.2 0.512468 
17639.3 0.510794 
17677.4 0.509093 
17715.4 0.507347 
17753.5 0.505582 
17791.6 0.503795 
17829.7 0.501988 
17867.7 0.500158 
17905.8 0.498306 
17943.9 0.49643 
17982 0.494503 
18020 0.492542 
18058.1 0.490554 
18096.2 0.488538 
18134.3 0.486494 
18172.3 0.484419 
18210.4 0.482314 
18248.5 0.480172 
18286.6 0.477966 
18324.6 0.475725 
18362.7 0.473448 
18400.8 0.471132 
18438.9 0.468778 
18477 0.466382 
18515 0.463943 
18553.1 0.461447 
18591.2 0.458883 
18629.3 0.45627 
18667.3 0.453606 
18705.4 0.45089 
18743.5 0.448119 
18781.6 0.445291 
18819.6 0.442404 
18857.7 0.439436 
18895.8 0.436386 
18933.9 0.433269 
18971.9 0.430081 
19010 0.426821 
19048.1 0.423484 
19086.2 0.420069 
19124.2 0.416571 
19162.3 0.412971 
19200.4 0.409265 
19238.5 0.405468 
19276.6 0.401577 
19314.6 0.397589 
19352.7 0.393501 
19390.8 0.389311 
19428.9 0.385017 
19466.9 0.380604 
19505 0.376061 
19543.1 0.371409 
19581.2 0.366649 
19619.2 0.361782 
19657.3 0.356807 
19695.4 0.351728 
19733.5 0.346549 
19771.5 0.341269 
19809.6 0.33587 
19847.7 0.330388 
19885.8 0.32483 
19923.8 0.319207 
19961.9 0.313528 
20000 0.307806 
