1000 0.947467 
1038.08 0.947464 
1076.15 0.947427 
1114.23 0.947317 
1152.3 0.947147 
1190.38 0.946925 
1228.46 0.946661 
1266.53 0.946386 
1304.61 0.946093 
1342.69 0.945743 
1380.76 0.94534 
1418.84 0.944876 
1456.91 0.944355 
1494.99 0.943787 
1533.07 0.943162 
1571.14 0.942455 
1609.22 0.941646 
1647.29 0.940726 
1685.37 0.939657 
1723.45 0.93844 
1761.52 0.937026 
1799.6 0.935333 
1837.68 0.933248 
1875.75 0.930479 
1913.83 0.926661 
1951.9 0.920917 
1989.98 0.910517 
2028.06 0.846535 
2066.13 0.785838 
2104.21 0.735043 
2142.28 0.788165 
2180.36 0.8124 
2218.44 0.823566 
2256.51 0.830859 
2294.59 0.836114 
2332.67 0.840058 
2370.74 0.84305 
2408.82 0.845261 
2446.89 0.846708 
2484.97 0.847166 
2523.05 0.844994 
2561.12 0.818627 
2599.2 0.838315 
2637.27 0.842538 
2675.35 0.845294 
2713.43 0.847375 
2751.5 0.849011 
2789.58 0.850271 
2827.66 0.851108 
2865.73 0.851315 
2903.81 0.845286 
2941.88 0.847132 
2979.96 0.849204 
3018.04 0.85041 
3056.11 0.851291 
3094.19 0.851919 
3132.26 0.851632 
3170.34 0.848838 
3208.42 0.848715 
3246.49 0.850869 
3284.57 0.851623 
3322.65 0.852195 
3360.72 0.852667 
3398.8 0.853087 
3436.87 0.853457 
3474.95 0.853749 
3513.03 0.854016 
3551.1 0.854262 
3589.18 0.854438 
3627.25 0.854599 
3665.33 0.854746 
3703.41 0.854835 
3741.48 0.854916 
3779.56 0.854978 
3817.64 0.854999 
3855.71 0.855015 
3893.79 0.854996 
3931.86 0.854961 
3969.94 0.854918 
4008.02 0.854837 
4046.09 0.854756 
4084.17 0.854642 
4122.24 0.854519 
4160.32 0.854388 
4198.4 0.854227 
4236.47 0.854071 
4274.55 0.853874 
4312.62 0.853683 
4350.7 0.853463 
4388.78 0.85324 
4426.85 0.852998 
4464.93 0.852745 
4503.01 0.85248 
4541.08 0.852198 
4579.16 0.851912 
4617.23 0.851603 
4655.31 0.851295 
4693.39 0.850961 
4731.46 0.85063 
4769.54 0.850273 
4807.62 0.849918 
4845.69 0.84954 
4883.77 0.849163 
4921.84 0.848764 
4959.92 0.848365 
4998 0.847948 
5036.07 0.847525 
5074.15 0.84709 
5112.22 0.846644 
5150.3 0.846193 
5188.38 0.845725 
5226.45 0.845258 
5264.53 0.844768 
5302.6 0.844286 
5340.68 0.843774 
5378.76 0.843269 
5416.83 0.842744 
5454.91 0.842216 
5492.99 0.841679 
5531.06 0.841128 
5569.14 0.84058 
5607.21 0.840006 
5645.29 0.83944 
5683.37 0.838853 
5721.44 0.838264 
5759.52 0.837669 
5797.6 0.837057 
5835.67 0.836451 
5873.75 0.83582 
5911.82 0.835191 
5949.9 0.834553 
5987.98 0.833902 
6026.05 0.833256 
6064.13 0.832584 
6102.2 0.831915 
6140.28 0.83124 
6178.36 0.830547 
6216.43 0.82986 
6254.51 0.829153 
6292.59 0.828443 
6330.66 0.827735 
6368.74 0.827001 
6406.81 0.826272 
6444.89 0.825535 
6482.97 0.824784 
6521.04 0.824037 
6559.12 0.823273 
6597.19 0.822503 
6635.27 0.821737 
6673.35 0.820947 
6711.42 0.820158 
6749.5 0.81937 
6787.58 0.818558 
6825.65 0.81775 
6863.73 0.816939 
6901.8 0.816109 
6939.88 0.815282 
6977.96 0.81445 
7016.03 0.8136 
7054.11 0.812753 
7092.18 0.811899 
7130.26 0.811029 
7168.34 0.810163 
7206.41 0.809289 
7244.49 0.8084 
7282.57 0.807513 
7320.64 0.80662 
7358.72 0.805712 
7396.79 0.804805 
7434.87 0.803896 
7472.95 0.802968 
7511.02 0.802041 
7549.1 0.801116 
7587.17 0.800167 
7625.25 0.79922 
7663.33 0.798274 
7701.4 0.797311 
7739.48 0.796344 
7777.55 0.795379 
7815.63 0.794402 
7853.71 0.793415 
7891.78 0.79243 
7929.86 0.79144 
7967.94 0.790432 
8006.01 0.789426 
8044.09 0.788422 
8082.16 0.787397 
8120.24 0.786371 
8158.32 0.785346 
8196.39 0.784312 
8234.47 0.783265 
8272.54 0.782219 
8310.62 0.781174 
8348.7 0.780107 
8386.77 0.779041 
8424.85 0.777976 
8462.93 0.7769 
8501 0.775813 
8539.08 0.774726 
8577.15 0.773641 
8615.23 0.772536 
8653.31 0.77143 
8691.38 0.770324 
8729.46 0.769213 
8767.54 0.768085 
8805.61 0.766957 
8843.69 0.76583 
8881.76 0.764692 
8919.84 0.763543 
8957.92 0.762395 
8995.99 0.761247 
9034.07 0.760083 
9072.14 0.758913 
9110.22 0.757743 
9148.3 0.756573 
9186.37 0.755383 
9224.45 0.754191 
9262.53 0.753 
9300.6 0.751808 
9338.68 0.750593 
9376.75 0.749379 
9414.83 0.748165 
9452.91 0.746948 
9490.98 0.745711 
9529.06 0.744473 
9567.13 0.743236 
9605.21 0.741996 
9643.29 0.740733 
9681.36 0.73947 
9719.44 0.738207 
9757.52 0.736944 
9795.59 0.735656 
9833.67 0.734367 
9871.74 0.733078 
9909.82 0.731789 
9947.9 0.730484 
9985.97 0.729177 
10024 0.727869 
10062.1 0.726561 
10100.2 0.725231 
10138.3 0.723888 
10176.4 0.722545 
10214.4 0.721201 
10252.5 0.719843 
10290.6 0.718459 
10328.7 0.717075 
10366.7 0.71569 
10404.8 0.714304 
10442.9 0.712868 
10481 0.711431 
10519 0.709993 
10557.1 0.708554 
10595.2 0.707072 
10633.3 0.705559 
10671.3 0.704045 
10709.4 0.702528 
10747.5 0.700998 
10785.6 0.699352 
10823.6 0.697702 
10861.7 0.696049 
10899.8 0.694392 
10937.9 0.692541 
10976 0.690513 
11014 0.688471 
11052.1 0.686415 
11090.2 0.684346 
11128.3 0.674254 
11166.3 0.660962 
11204.4 0.644358 
11242.5 0.539402 
11280.6 0.573244 
11318.6 0.574712 
11356.7 0.576127 
11394.8 0.577488 
11432.9 0.578799 
11470.9 0.579463 
11509 0.579198 
11547.1 0.578928 
11585.2 0.578655 
11623.2 0.578377 
11661.3 0.577877 
11699.4 0.577181 
11737.5 0.576486 
11775.6 0.575791 
11813.6 0.575097 
11851.7 0.574267 
11889.8 0.573341 
11927.9 0.572416 
11965.9 0.571493 
12004 0.570571 
12042.1 0.569549 
12080.2 0.568448 
12118.2 0.567349 
12156.3 0.566251 
12194.4 0.565155 
12232.5 0.563977 
12270.5 0.562699 
12308.6 0.561422 
12346.7 0.560145 
12384.8 0.55887 
12422.8 0.557521 
12460.9 0.555962 
12499 0.554402 
12537.1 0.552841 
12575.2 0.551279 
12613.2 0.549716 
12651.3 0.546013 
12689.4 0.542215 
12727.5 0.538336 
12765.5 0.534373 
12803.6 0.530322 
12841.7 0.456004 
12879.8 0.463713 
12917.8 0.470913 
12955.9 0.477639 
12994 0.483922 
13032.1 0.488589 
13070.1 0.487806 
13108.2 0.487023 
13146.3 0.48624 
13184.4 0.485456 
13222.4 0.484672 
13260.5 0.481861 
13298.6 0.477925 
13336.7 0.473917 
13374.7 0.469836 
13412.8 0.465676 
13450.9 0.45594 
13489 0.455689 
13527.1 0.455433 
13565.1 0.455172 
13603.2 0.454905 
13641.3 0.454633 
13679.4 0.454154 
13717.4 0.453241 
13755.5 0.452327 
13793.6 0.451414 
13831.7 0.450499 
13869.7 0.449585 
13907.8 0.448582 
13945.9 0.447496 
13984 0.446409 
14022 0.445322 
14060.1 0.444234 
14098.2 0.443147 
14136.3 0.441994 
14174.3 0.4408 
14212.4 0.439606 
14250.5 0.438411 
14288.6 0.437215 
14326.7 0.436019 
14364.7 0.434774 
14402.8 0.433499 
14440.9 0.432223 
14479 0.430945 
14517 0.429667 
14555.1 0.428387 
14593.2 0.427072 
14631.3 0.425726 
14669.3 0.424378 
14707.4 0.423028 
14745.5 0.421676 
14783.6 0.420323 
14821.6 0.41895 
14859.7 0.417538 
14897.8 0.416124 
14935.9 0.414708 
14973.9 0.413289 
15012 0.411867 
15050.1 0.410441 
15088.2 0.408965 
15126.3 0.407486 
15164.3 0.406003 
15202.4 0.404517 
15240.5 0.403028 
15278.6 0.401535 
15316.6 0.400009 
15354.7 0.398464 
15392.8 0.396914 
15430.9 0.39536 
15468.9 0.393801 
15507 0.392237 
15545.1 0.390661 
15583.2 0.389046 
15621.2 0.387425 
15659.3 0.385798 
15697.4 0.384165 
15735.5 0.382525 
15773.5 0.380879 
15811.6 0.379204 
15849.7 0.377505 
15887.8 0.375798 
15925.9 0.374083 
15963.9 0.372359 
16002 0.370627 
16040.1 0.368887 
16078.2 0.367106 
16116.2 0.365309 
16154.3 0.363502 
16192.4 0.361685 
16230.5 0.359856 
16268.5 0.358016 
16306.6 0.356163 
16344.7 0.354264 
16382.8 0.352352 
16420.8 0.350426 
16458.9 0.348486 
16497 0.346531 
16535.1 0.344561 
16573.1 0.342571 
16611.2 0.340535 
16649.3 0.338481 
16687.4 0.336409 
16725.5 0.334318 
16763.5 0.332207 
16801.6 0.330076 
16839.7 0.327922 
16877.8 0.325714 
16915.8 0.323483 
16953.9 0.321228 
16992 0.318948 
17030.1 0.316641 
17068.1 0.314307 
17106.2 0.311945 
17144.3 0.309524 
17182.4 0.307069 
17220.4 0.304581 
17258.5 0.30206 
17296.6 0.299504 
17334.7 0.296913 
17372.7 0.294283 
17410.8 0.291594 
17448.9 0.288853 
17487 0.28607 
17525.1 0.283243 
17563.1 0.280371 
17601.2 0.277453 
17639.3 0.274486 
17677.4 0.271463 
17715.4 0.268366 
17753.5 0.265217 
17791.6 0.262015 
17829.7 0.258759 
17867.7 0.255449 
17905.8 0.252083 
17943.9 0.248662 
17982 0.245163 
18020 0.241602 
18058.1 0.237987 
18096.2 0.23432 
18134.3 0.230601 
18172.3 0.226835 
18210.4 0.223024 
18248.5 0.219168 
18286.6 0.215252 
18324.6 0.211304 
18362.7 0.20733 
18400.8 0.203335 
18438.9 0.199328 
18477 0.195314 
18515 0.1913 
18553.1 0.187287 
18591.2 0.183277 
18629.3 0.17929 
18667.3 0.175336 
18705.4 0.17142 
18743.5 0.167549 
18781.6 0.163729 
18819.6 0.159967 
18857.7 0.156258 
18895.8 0.152607 
18933.9 0.149027 
18971.9 0.145522 
19010 0.142092 
19048.1 0.13874 
19086.2 0.135468 
19124.2 0.132276 
19162.3 0.129158 
19200.4 0.126115 
19238.5 0.123153 
19276.6 0.120271 
19314.6 0.117467 
19352.7 0.114741 
19390.8 0.11209 
19428.9 0.109514 
19466.9 0.107008 
19505 0.104568 
19543.1 0.102198 
19581.2 0.0998959 
19619.2 0.0976592 
19657.3 0.0954864 
19695.4 0.0933754 
19733.5 0.0913245 
19771.5 0.0893312 
19809.6 0.0873895 
19847.7 0.0855027 
19885.8 0.0836688 
19923.8 0.0818863 
19961.9 0.0801532 
20000 0.0784681 
