1000 0.924033 
1038.08 0.923581 
1076.15 0.923067 
1114.23 0.922443 
1152.3 0.921721 
1190.38 0.920917 
1228.46 0.92004 
1266.53 0.919133 
1304.61 0.918186 
1342.69 0.917149 
1380.76 0.916026 
1418.84 0.914808 
1456.91 0.913498 
1494.99 0.912113 
1533.07 0.910638 
1571.14 0.909038 
1609.22 0.907291 
1647.29 0.905386 
1685.37 0.90327 
1723.45 0.900946 
1761.52 0.898353 
1799.6 0.89538 
1837.68 0.891886 
1875.75 0.887488 
1913.83 0.881718 
1951.9 0.873442 
1989.98 0.859142 
2028.06 0.776383 
2066.13 0.702056 
2104.21 0.640238 
2142.28 0.703898 
2180.36 0.732673 
2218.44 0.745581 
2256.51 0.753741 
2294.59 0.75938 
2332.67 0.763389 
2370.74 0.766208 
2408.82 0.768044 
2446.89 0.768919 
2484.97 0.768553 
2523.05 0.764919 
2561.12 0.731745 
2599.2 0.754924 
2637.27 0.759147 
2675.35 0.76155 
2713.43 0.763107 
2751.5 0.764102 
2789.58 0.764618 
2827.66 0.764601 
2865.73 0.763793 
2903.81 0.755318 
2941.88 0.756579 
2979.96 0.758025 
3018.04 0.758395 
3056.11 0.758355 
3094.19 0.757991 
3132.26 0.756496 
3170.34 0.75193 
3208.42 0.750668 
3246.49 0.752116 
3284.57 0.751844 
3322.65 0.75134 
3360.72 0.7507 
3398.8 0.749986 
3436.87 0.749198 
3474.95 0.748304 
3513.03 0.747368 
3551.1 0.746393 
3589.18 0.745323 
3627.25 0.744224 
3665.33 0.743096 
3703.41 0.741887 
3741.48 0.740658 
3779.56 0.739395 
3817.64 0.738073 
3855.71 0.736734 
3893.79 0.735343 
3931.86 0.733921 
3969.94 0.732481 
4008.02 0.730985 
4046.09 0.72948 
4084.17 0.727926 
4122.24 0.726352 
4160.32 0.724758 
4198.4 0.72312 
4236.47 0.721479 
4274.55 0.719781 
4312.62 0.718081 
4350.7 0.716338 
4388.78 0.714583 
4426.85 0.712798 
4464.93 0.710991 
4503.01 0.709164 
4541.08 0.707308 
4579.16 0.705438 
4617.23 0.703536 
4655.31 0.701626 
4693.39 0.699681 
4731.46 0.69773 
4769.54 0.695743 
4807.62 0.693752 
4845.69 0.691727 
4883.77 0.689696 
4921.84 0.687635 
4959.92 0.685567 
4998 0.683472 
5036.07 0.681365 
5074.15 0.679238 
5112.22 0.677093 
5150.3 0.674937 
5188.38 0.672756 
5226.45 0.670572 
5264.53 0.668355 
5302.6 0.666144 
5340.68 0.663894 
5378.76 0.661647 
5416.83 0.659373 
5454.91 0.657092 
5492.99 0.654797 
5531.06 0.652482 
5569.14 0.650167 
5607.21 0.64782 
5645.29 0.645477 
5683.37 0.643108 
5721.44 0.640734 
5759.52 0.63835 
5797.6 0.635944 
5835.67 0.633542 
5873.75 0.63111 
5911.82 0.628678 
5949.9 0.626234 
5987.98 0.623773 
6026.05 0.621315 
6064.13 0.618829 
6102.2 0.616343 
6140.28 0.613849 
6178.36 0.611336 
6216.43 0.608826 
6254.51 0.606295 
6292.59 0.603759 
6330.66 0.601224 
6368.74 0.598661 
6406.81 0.596103 
6444.89 0.593536 
6482.97 0.590954 
6521.04 0.588376 
6559.12 0.58578 
6597.19 0.583178 
6635.27 0.58058 
6673.35 0.577959 
6711.42 0.575338 
6749.5 0.572719 
6787.58 0.570077 
6825.65 0.56744 
6863.73 0.5648 
6901.8 0.562143 
6939.88 0.559489 
6977.96 0.556832 
7016.03 0.554159 
7054.11 0.55149 
7092.18 0.548816 
7130.26 0.546129 
7168.34 0.543447 
7206.41 0.54076 
7244.49 0.53806 
7282.57 0.535364 
7320.64 0.532666 
7358.72 0.529955 
7396.79 0.527249 
7434.87 0.524543 
7472.95 0.521822 
7511.02 0.519105 
7549.1 0.516394 
7587.17 0.513663 
7625.25 0.510937 
7663.33 0.508217 
7701.4 0.505483 
7739.48 0.50275 
7777.55 0.500023 
7815.63 0.497289 
7853.71 0.49455 
7891.78 0.491816 
7929.86 0.489083 
7967.94 0.486338 
8006.01 0.4836 
8044.09 0.480867 
8082.16 0.478121 
8120.24 0.475379 
8158.32 0.472642 
8196.39 0.469902 
8234.47 0.467157 
8272.54 0.464418 
8310.62 0.461685 
8348.7 0.458938 
8386.77 0.456197 
8424.85 0.453463 
8462.93 0.450726 
8501 0.447984 
8539.08 0.445249 
8577.15 0.442521 
8615.23 0.439783 
8653.31 0.437049 
8691.38 0.434323 
8729.46 0.431598 
8767.54 0.428865 
8805.61 0.426139 
8843.69 0.423421 
8881.76 0.4207 
8919.84 0.417976 
8957.92 0.41526 
8995.99 0.412552 
9034.07 0.409836 
9072.14 0.407122 
9110.22 0.404416 
9148.3 0.401718 
9186.37 0.399009 
9224.45 0.396306 
9262.53 0.393612 
9300.6 0.390924 
9338.68 0.388224 
9376.75 0.385533 
9414.83 0.382849 
9452.91 0.380171 
9490.98 0.377483 
9529.06 0.374803 
9567.13 0.37213 
9605.21 0.369464 
9643.29 0.366786 
9681.36 0.364115 
9719.44 0.361453 
9757.52 0.358798 
9795.59 0.356129 
9833.67 0.353469 
9871.74 0.350816 
9909.82 0.34817 
9947.9 0.345519 
9985.97 0.342872 
10024 0.340233 
10062.1 0.337602 
10100.2 0.334958 
10138.3 0.332311 
10176.4 0.329672 
10214.4 0.327039 
10252.5 0.324401 
10290.6 0.321746 
10328.7 0.319097 
10366.7 0.316456 
10404.8 0.31382 
10442.9 0.311142 
10481 0.30847 
10519 0.305803 
10557.1 0.303141 
10595.2 0.300442 
10633.3 0.297715 
10671.3 0.294992 
10709.4 0.29227 
10747.5 0.289537 
10785.6 0.286681 
10823.6 0.283821 
10861.7 0.280957 
10899.8 0.278086 
10937.9 0.274987 
10976 0.271667 
11014 0.268311 
11052.1 0.264913 
11090.2 0.261468 
11128.3 0.246582 
11166.3 0.222134 
11204.4 0.177113 
11242.5 0.141428 
11280.6 0.175797 
11318.6 0.176195 
11356.7 0.176549 
11394.8 0.17686 
11432.9 0.177128 
11470.9 0.176759 
11509 0.175468 
11547.1 0.174178 
11585.2 0.172889 
11623.2 0.171602 
11661.3 0.1701 
11699.4 0.168406 
11737.5 0.166713 
11775.6 0.165023 
11813.6 0.163333 
11851.7 0.16151 
11889.8 0.159589 
11927.9 0.157666 
11965.9 0.155742 
12004 0.153815 
12042.1 0.151781 
12080.2 0.149661 
12118.2 0.147534 
12156.3 0.145398 
12194.4 0.143254 
12232.5 0.14101 
12270.5 0.138643 
12308.6 0.136259 
12346.7 0.133858 
12384.8 0.131438 
12422.8 0.128909 
12460.9 0.126102 
12499 0.123262 
12537.1 0.120386 
12575.2 0.117476 
12613.2 0.11453 
12651.3 0.108579 
12689.4 0.102401 
12727.5 0.0960774 
12765.5 0.0896873 
12803.6 0.0833284 
12841.7 0.0546524 
12879.8 0.0586643 
12917.8 0.0628346 
12955.9 0.0671253 
12994 0.071487 
13032.1 0.0747769 
13070.1 0.0732981 
13108.2 0.071829 
13146.3 0.0703703 
13184.4 0.0689227 
13222.4 0.0674869 
13260.5 0.0643508 
13298.6 0.0604184 
13336.7 0.0566359 
13374.7 0.0530241 
13412.8 0.0495968 
13450.9 0.0533733 
13489 0.0525751 
13527.1 0.0517826 
13565.1 0.0509957 
13603.2 0.0502148 
13641.3 0.0494399 
13679.4 0.0485501 
13717.4 0.0474171 
13755.5 0.0463039 
13793.6 0.0452106 
13831.7 0.0441374 
13869.7 0.0430846 
13907.8 0.0420095 
13945.9 0.0409176 
13984 0.0398505 
14022 0.0388079 
14060.1 0.03779 
14098.2 0.0367965 
14136.3 0.0358029 
14174.3 0.0348199 
14212.4 0.033863 
14250.5 0.0329318 
14288.6 0.0320259 
14326.7 0.031145 
14364.7 0.0302747 
14402.8 0.029421 
14440.9 0.0285923 
14479 0.0277878 
14517 0.027007 
14555.1 0.0262494 
14593.2 0.025507 
14631.3 0.0247808 
14669.3 0.0240768 
14707.4 0.0233944 
14745.5 0.022733 
14783.6 0.0220919 
14821.6 0.0214677 
14859.7 0.0208571 
14897.8 0.0202657 
14935.9 0.0196927 
14973.9 0.0191376 
15012 0.0185998 
15050.1 0.0180785 
15088.2 0.017568 
15126.3 0.0170736 
15164.3 0.0165946 
15202.4 0.0161305 
15240.5 0.0156809 
15278.6 0.0152453 
15316.6 0.0148207 
15354.7 0.014408 
15392.8 0.0140081 
15430.9 0.0136206 
15468.9 0.013245 
15507 0.012881 
15545.1 0.0125277 
15583.2 0.012183 
15621.2 0.011849 
15659.3 0.0115251 
15697.4 0.011211 
15735.5 0.0109065 
15773.5 0.0106112 
15811.6 0.0103237 
15849.7 0.0100441 
15887.8 0.00977295 
15925.9 0.00950987 
15963.9 0.00925463 
16002 0.00900696 
16040.1 0.00876661 
16078.2 0.00853229 
16116.2 0.0083047 
16154.3 0.0080838 
16192.4 0.00786937 
16230.5 0.00766118 
16268.5 0.00745905 
16306.6 0.00726274 
16344.7 0.00707125 
16382.8 0.0068853 
16420.8 0.0067047 
16458.9 0.00652927 
16497 0.00635886 
16535.1 0.00619329 
16573.1 0.00603236 
16611.2 0.00587543 
16649.3 0.00572294 
16687.4 0.00557475 
16725.5 0.00543072 
16763.5 0.00529073 
16801.6 0.00515465 
16839.7 0.0050223 
16877.8 0.00489323 
16915.8 0.00476774 
16953.9 0.00464571 
16992 0.00452706 
17030.1 0.00441166 
17068.1 0.00429942 
17106.2 0.00419025 
17144.3 0.00408377 
17182.4 0.00398016 
17220.4 0.00387937 
17258.5 0.00378131 
17296.6 0.00368589 
17334.7 0.00359304 
17372.7 0.00350269 
17410.8 0.00341461 
17448.9 0.00332882 
17487 0.00324531 
17525.1 0.00316403 
17563.1 0.00308491 
17601.2 0.0030079 
17639.3 0.00293291 
17677.4 0.00285987 
17715.4 0.00278863 
17753.5 0.00271926 
17791.6 0.00265171 
17829.7 0.00258594 
17867.7 0.00252189 
17905.8 0.0024595 
17943.9 0.00239874 
17982 0.00233947 
18020 0.00228171 
18058.1 0.00222544 
18096.2 0.00217064 
18134.3 0.00211724 
18172.3 0.00206522 
18210.4 0.00201454 
18248.5 0.00196515 
18286.6 0.00191694 
18324.6 0.00186998 
18362.7 0.00182421 
18400.8 0.00177961 
18438.9 0.00173615 
18477 0.00169379 
18515 0.00165251 
18553.1 0.00161225 
18591.2 0.00157297 
18629.3 0.00153468 
18667.3 0.00149736 
18705.4 0.00146098 
18743.5 0.00142551 
18781.6 0.00139094 
18819.6 0.00135724 
18857.7 0.00132435 
18895.8 0.00129227 
18933.9 0.00126098 
18971.9 0.00123048 
19010 0.00120074 
19048.1 0.00117174 
19086.2 0.00114347 
19124.2 0.00111589 
19162.3 0.00108898 
19200.4 0.00106273 
19238.5 0.00103712 
19276.6 0.00101215 
19314.6 0.000987789 
19352.7 0.000964034 
19390.8 0.000940864 
19428.9 0.000918265 
19466.9 0.000896212 
19505 0.000874686 
19543.1 0.000853688 
19581.2 0.000833206 
19619.2 0.000813226 
19657.3 0.000793735 
19695.4 0.000774722 
19733.5 0.000756172 
19771.5 0.000738074 
19809.6 0.000720401 
19847.7 0.000703158 
19885.8 0.000686336 
19923.8 0.000669924 
19961.9 0.000653911 
20000 0.000638287 
