1000 0.940545 
1038.08 0.94062 
1076.15 0.940659 
1114.23 0.940618 
1152.3 0.94051 
1190.38 0.940346 
1228.46 0.940136 
1266.53 0.939916 
1304.61 0.939678 
1342.69 0.939378 
1380.76 0.93902 
1418.84 0.938594 
1456.91 0.938105 
1494.99 0.937565 
1533.07 0.936963 
1571.14 0.936267 
1609.22 0.935458 
1647.29 0.934524 
1685.37 0.93342 
1723.45 0.932147 
1761.52 0.93065 
1799.6 0.928833 
1837.68 0.926568 
1875.75 0.923515 
1913.83 0.919255 
1951.9 0.912775 
1989.98 0.900937 
2028.06 0.827704 
2066.13 0.759795 
2104.21 0.703172 
2142.28 0.762829 
2180.36 0.790218 
2218.44 0.80296 
2256.51 0.811352 
2294.59 0.817449 
2332.67 0.82207 
2370.74 0.825618 
2408.82 0.828285 
2446.89 0.830086 
2484.97 0.830763 
2523.05 0.828448 
2561.12 0.7987 
2599.2 0.821225 
2637.27 0.8262 
2675.35 0.829512 
2713.43 0.832059 
2751.5 0.834105 
2789.58 0.835724 
2827.66 0.836865 
2865.73 0.837287 
2903.81 0.830576 
2941.88 0.832907 
2979.96 0.835472 
3018.04 0.837051 
3056.11 0.838262 
3094.19 0.839186 
3132.26 0.839062 
3170.34 0.836062 
3208.42 0.836151 
3246.49 0.83884 
3284.57 0.839924 
3322.65 0.840804 
3360.72 0.841571 
3398.8 0.842281 
3436.87 0.842938 
3474.95 0.843508 
3513.03 0.844052 
3551.1 0.844575 
3589.18 0.84502 
3627.25 0.845452 
3665.33 0.845869 
3703.41 0.846223 
3741.48 0.846571 
3779.56 0.8469 
3817.64 0.847184 
3855.71 0.847465 
3893.79 0.847709 
3931.86 0.847936 
3969.94 0.848158 
4008.02 0.848338 
4046.09 0.848521 
4084.17 0.848669 
4122.24 0.848809 
4160.32 0.848942 
4198.4 0.849044 
4236.47 0.849154 
4274.55 0.849218 
4312.62 0.849293 
4350.7 0.849337 
4388.78 0.84938 
4426.85 0.849404 
4464.93 0.849416 
4503.01 0.849419 
4541.08 0.849404 
4579.16 0.849386 
4617.23 0.849345 
4655.31 0.849307 
4693.39 0.849242 
4731.46 0.849182 
4769.54 0.849095 
4807.62 0.849013 
4845.69 0.848906 
4883.77 0.848803 
4921.84 0.848678 
4959.92 0.848554 
4998 0.848412 
5036.07 0.848265 
5074.15 0.848107 
5112.22 0.847939 
5150.3 0.847766 
5188.38 0.847576 
5226.45 0.847391 
5264.53 0.847179 
5302.6 0.846982 
5340.68 0.846749 
5378.76 0.846528 
5416.83 0.846286 
5454.91 0.846042 
5492.99 0.845791 
5531.06 0.845525 
5569.14 0.845266 
5607.21 0.844978 
5645.29 0.844701 
5683.37 0.844402 
5721.44 0.844103 
5759.52 0.843799 
5797.6 0.843476 
5835.67 0.843164 
5873.75 0.842824 
5911.82 0.842489 
5949.9 0.842146 
5987.98 0.841788 
6026.05 0.841439 
6064.13 0.841062 
6102.2 0.840689 
6140.28 0.840312 
6178.36 0.839917 
6216.43 0.83953 
6254.51 0.839122 
6292.59 0.838711 
6330.66 0.838305 
6368.74 0.837871 
6406.81 0.837444 
6444.89 0.83701 
6482.97 0.836561 
6521.04 0.836119 
6559.12 0.835658 
6597.19 0.835193 
6635.27 0.834734 
6673.35 0.834248 
6711.42 0.833766 
6749.5 0.833286 
6787.58 0.83278 
6825.65 0.83228 
6863.73 0.831779 
6901.8 0.831257 
6939.88 0.83074 
6977.96 0.830218 
7016.03 0.829677 
7054.11 0.829141 
7092.18 0.828599 
7130.26 0.828039 
7168.34 0.827485 
7206.41 0.826924 
7244.49 0.826346 
7282.57 0.825772 
7320.64 0.825194 
7358.72 0.824597 
7396.79 0.824005 
7434.87 0.823411 
7472.95 0.822795 
7511.02 0.822182 
7549.1 0.821574 
7587.17 0.820937 
7625.25 0.820305 
7663.33 0.819676 
7701.4 0.819026 
7739.48 0.818375 
7777.55 0.817726 
7815.63 0.817064 
7853.71 0.816392 
7891.78 0.815723 
7929.86 0.81505 
7967.94 0.814356 
8006.01 0.813666 
8044.09 0.812978 
8082.16 0.812268 
8120.24 0.811556 
8158.32 0.810847 
8196.39 0.810128 
8234.47 0.809394 
8272.54 0.808663 
8310.62 0.807935 
8348.7 0.80718 
8386.77 0.806427 
8424.85 0.805676 
8462.93 0.804914 
8501 0.804138 
8539.08 0.803363 
8577.15 0.802591 
8615.23 0.801796 
8653.31 0.801 
8691.38 0.800205 
8729.46 0.799405 
8767.54 0.798584 
8805.61 0.797764 
8843.69 0.796946 
8881.76 0.796114 
8919.84 0.795271 
8957.92 0.794428 
8995.99 0.793587 
9034.07 0.792724 
9072.14 0.791856 
9110.22 0.790988 
9148.3 0.790121 
9186.37 0.789228 
9224.45 0.788334 
9262.53 0.78744 
9300.6 0.786546 
9338.68 0.785623 
9376.75 0.7847 
9414.83 0.783778 
9452.91 0.782854 
9490.98 0.781902 
9529.06 0.78095 
9567.13 0.779998 
9605.21 0.779044 
9643.29 0.778059 
9681.36 0.777074 
9719.44 0.776088 
9757.52 0.775103 
9795.59 0.774083 
9833.67 0.773062 
9871.74 0.772041 
9909.82 0.77102 
9947.9 0.769976 
9985.97 0.768928 
10024 0.767878 
10062.1 0.766828 
10100.2 0.765747 
10138.3 0.764648 
10176.4 0.763547 
10214.4 0.762444 
10252.5 0.76132 
10290.6 0.760159 
10328.7 0.758995 
10366.7 0.757829 
10404.8 0.756661 
10442.9 0.755418 
10481 0.754172 
10519 0.752922 
10557.1 0.751668 
10595.2 0.75035 
10633.3 0.748982 
10671.3 0.747609 
10709.4 0.74623 
10747.5 0.744826 
10785.6 0.743243 
10823.6 0.741648 
10861.7 0.740042 
10899.8 0.738425 
10937.9 0.7365 
10976 0.734286 
11014 0.732037 
11052.1 0.729752 
11090.2 0.727429 
11128.3 0.711888 
11166.3 0.690041 
11204.4 0.660416 
11242.5 0.524348 
11280.6 0.577526 
11318.6 0.580339 
11356.7 0.583086 
11394.8 0.585768 
11432.9 0.588386 
11470.9 0.590023 
11509 0.590232 
11547.1 0.590438 
11585.2 0.590642 
11623.2 0.590843 
11661.3 0.590703 
11699.4 0.590259 
11737.5 0.589815 
11775.6 0.589372 
11813.6 0.58893 
11851.7 0.588273 
11889.8 0.587464 
11927.9 0.586653 
11965.9 0.585841 
12004 0.585028 
12042.1 0.584052 
12080.2 0.582945 
12118.2 0.581834 
12156.3 0.58072 
12194.4 0.579601 
12232.5 0.578342 
12270.5 0.576909 
12308.6 0.575468 
12346.7 0.574018 
12384.8 0.572559 
12422.8 0.570963 
12460.9 0.568994 
12499 0.567006 
12537.1 0.564997 
12575.2 0.562966 
12613.2 0.560913 
12651.3 0.554951 
12689.4 0.548705 
12727.5 0.542189 
12765.5 0.535382 
12803.6 0.528255 
12841.7 0.41685 
12879.8 0.431078 
12917.8 0.444453 
12955.9 0.457015 
12994 0.468808 
13032.1 0.477713 
13070.1 0.476834 
13108.2 0.475949 
13146.3 0.475056 
13184.4 0.474157 
13222.4 0.47325 
13260.5 0.468559 
13298.6 0.461674 
13336.7 0.454535 
13374.7 0.447126 
13412.8 0.439427 
13450.9 0.433004 
13489 0.432979 
13527.1 0.432947 
13565.1 0.432908 
13603.2 0.432862 
13641.3 0.432809 
13679.4 0.432366 
13717.4 0.431094 
13755.5 0.429809 
13793.6 0.428511 
13831.7 0.427201 
13869.7 0.425877 
13907.8 0.424371 
13945.9 0.422688 
13984 0.420987 
14022 0.419266 
14060.1 0.417525 
14098.2 0.415764 
14136.3 0.413857 
14174.3 0.411847 
14212.4 0.409812 
14250.5 0.40775 
14288.6 0.40566 
14326.7 0.403543 
14364.7 0.401303 
14402.8 0.398972 
14440.9 0.396608 
14479 0.394209 
14517 0.391775 
14555.1 0.389304 
14593.2 0.386727 
14631.3 0.38405 
14669.3 0.381329 
14707.4 0.378565 
14745.5 0.375756 
14783.6 0.372899 
14821.6 0.369959 
14859.7 0.366895 
14897.8 0.363779 
14935.9 0.360609 
14973.9 0.357383 
15012 0.354102 
15050.1 0.350759 
15088.2 0.347262 
15126.3 0.343704 
15164.3 0.340084 
15202.4 0.336402 
15240.5 0.332656 
15278.6 0.328848 
15316.6 0.324917 
15354.7 0.320892 
15392.8 0.316804 
15430.9 0.312653 
15468.9 0.308442 
15507 0.304172 
15545.1 0.299832 
15583.2 0.295371 
15621.2 0.290859 
15659.3 0.286301 
15697.4 0.281701 
15735.5 0.277064 
15773.5 0.272395 
15811.6 0.267662 
15849.7 0.262881 
15887.8 0.258087 
15925.9 0.25329 
15963.9 0.248497 
16002 0.243714 
16040.1 0.238949 
16078.2 0.234162 
16116.2 0.229401 
16154.3 0.224682 
16192.4 0.220012 
16230.5 0.215395 
16268.5 0.21084 
16306.6 0.206348 
16344.7 0.201885 
16382.8 0.197499 
16420.8 0.193192 
16458.9 0.188968 
16497 0.184829 
16535.1 0.180777 
16573.1 0.17681 
16611.2 0.172904 
16649.3 0.16909 
16687.4 0.165367 
16725.5 0.161735 
16763.5 0.158193 
16801.6 0.154741 
16839.7 0.151376 
16877.8 0.148076 
16915.8 0.144863 
16953.9 0.141735 
16992 0.138691 
17030.1 0.135728 
17068.1 0.132844 
17106.2 0.130038 
17144.3 0.127293 
17182.4 0.12462 
17220.4 0.12202 
17258.5 0.11949 
17296.6 0.117029 
17334.7 0.114633 
17372.7 0.112302 
17410.8 0.110025 
17448.9 0.107806 
17487 0.105645 
17525.1 0.103542 
17563.1 0.101494 
17601.2 0.0994997 
17639.3 0.0975575 
17677.4 0.0956635 
17715.4 0.0938124 
17753.5 0.0920088 
17791.6 0.0902515 
17829.7 0.088539 
17867.7 0.0868698 
17905.8 0.0852425 
17943.9 0.0836558 
17982 0.0821037 
18020 0.0805884 
18058.1 0.0791104 
18096.2 0.0776686 
18134.3 0.0762616 
18172.3 0.0748886 
18210.4 0.0735485 
18248.5 0.0722396 
18286.6 0.0709575 
18324.6 0.0697057 
18362.7 0.0684832 
18400.8 0.067289 
18438.9 0.0661224 
18477 0.0649826 
18515 0.0638686 
18553.1 0.0627786 
18591.2 0.0617109 
18629.3 0.0606671 
18667.3 0.0596466 
18705.4 0.0586486 
18743.5 0.0576726 
18781.6 0.0567178 
18819.6 0.0557838 
18857.7 0.0548685 
18895.8 0.0539716 
18933.9 0.0530938 
18971.9 0.0522346 
19010 0.0513936 
19048.1 0.0505701 
19086.2 0.0497638 
19124.2 0.0489742 
19162.3 0.0481998 
19200.4 0.0474403 
19238.5 0.0466963 
19276.6 0.0459674 
19314.6 0.0452531 
19352.7 0.0445532 
19390.8 0.0438672 
19428.9 0.0431948 
19466.9 0.042535 
19505 0.0418873 
19543.1 0.0412521 
19581.2 0.0406293 
19619.2 0.0400185 
19657.3 0.0394195 
19695.4 0.0388319 
19733.5 0.0382555 
19771.5 0.0376898 
19809.6 0.0371337 
19847.7 0.036588 
19885.8 0.0360525 
19923.8 0.035527 
19961.9 0.0350111 
20000 0.0345048 
