1000 0.920577 
1038.08 0.920154 
1076.15 0.919668 
1114.23 0.919067 
1152.3 0.918366 
1190.38 0.917579 
1228.46 0.916718 
1266.53 0.915827 
1304.61 0.914895 
1342.69 0.91387 
1380.76 0.912756 
1418.84 0.911544 
1456.91 0.910238 
1494.99 0.908853 
1533.07 0.907375 
1571.14 0.905768 
1609.22 0.904007 
1647.29 0.90208 
1685.37 0.899933 
1723.45 0.897568 
1761.52 0.89492 
1799.6 0.891873 
1837.68 0.888276 
1875.75 0.883728 
1913.83 0.877732 
1951.9 0.86909 
1989.98 0.854095 
2028.06 0.767033 
2066.13 0.689867 
2104.21 0.625727 
2142.28 0.692066 
2180.36 0.722136 
2218.44 0.735698 
2256.51 0.744314 
2294.59 0.750304 
2332.67 0.754592 
2370.74 0.757638 
2408.82 0.759658 
2446.89 0.760673 
2484.97 0.760388 
2523.05 0.756677 
2561.12 0.722068 
2599.2 0.746444 
2637.27 0.750976 
2675.35 0.753605 
2713.43 0.755348 
2751.5 0.756505 
2789.58 0.757161 
2827.66 0.757259 
2865.73 0.756528 
2903.81 0.747738 
2941.88 0.749205 
2979.96 0.750846 
3018.04 0.751361 
3056.11 0.751445 
3094.19 0.751191 
3132.26 0.749746 
3170.34 0.745071 
3208.42 0.743889 
3246.49 0.745549 
3284.57 0.7454 
3322.65 0.745008 
3360.72 0.744475 
3398.8 0.743864 
3436.87 0.743179 
3474.95 0.742382 
3513.03 0.741543 
3551.1 0.740665 
3589.18 0.739687 
3627.25 0.738681 
3665.33 0.737644 
3703.41 0.736524 
3741.48 0.735385 
3779.56 0.734211 
3817.64 0.732975 
3855.71 0.731723 
3893.79 0.730417 
3931.86 0.72908 
3969.94 0.727726 
4008.02 0.726313 
4046.09 0.724891 
4084.17 0.72342 
4122.24 0.721928 
4160.32 0.720416 
4198.4 0.718859 
4236.47 0.7173 
4274.55 0.715681 
4312.62 0.714061 
4350.7 0.712397 
4388.78 0.710722 
4426.85 0.709015 
4464.93 0.707287 
4503.01 0.705537 
4541.08 0.703758 
4579.16 0.701966 
4617.23 0.70014 
4655.31 0.698307 
4693.39 0.696437 
4731.46 0.694562 
4769.54 0.69265 
4807.62 0.690734 
4845.69 0.688783 
4883.77 0.686827 
4921.84 0.68484 
4959.92 0.682844 
4998 0.680822 
5036.07 0.678788 
5074.15 0.676733 
5112.22 0.67466 
5150.3 0.672575 
5188.38 0.670465 
5226.45 0.668352 
5264.53 0.666205 
5302.6 0.664065 
5340.68 0.661883 
5378.76 0.659706 
5416.83 0.657501 
5454.91 0.655288 
5492.99 0.653061 
5531.06 0.650813 
5569.14 0.648565 
5607.21 0.646284 
5645.29 0.644007 
5683.37 0.641704 
5721.44 0.639395 
5759.52 0.637076 
5797.6 0.634733 
5835.67 0.632396 
5873.75 0.630026 
5911.82 0.627657 
5949.9 0.625276 
5987.98 0.622876 
6026.05 0.620481 
6064.13 0.618055 
6102.2 0.615629 
6140.28 0.613195 
6178.36 0.61074 
6216.43 0.60829 
6254.51 0.605817 
6292.59 0.603338 
6330.66 0.60086 
6368.74 0.598353 
6406.81 0.595851 
6444.89 0.593339 
6482.97 0.590811 
6521.04 0.588287 
6559.12 0.585745 
6597.19 0.583196 
6635.27 0.580651 
6673.35 0.57808 
6711.42 0.57551 
6749.5 0.572942 
6787.58 0.570349 
6825.65 0.56776 
6863.73 0.565169 
6901.8 0.562559 
6939.88 0.559952 
6977.96 0.557341 
7016.03 0.554713 
7054.11 0.552089 
7092.18 0.549459 
7130.26 0.546815 
7168.34 0.544174 
7206.41 0.541529 
7244.49 0.538869 
7282.57 0.536214 
7320.64 0.533556 
7358.72 0.530882 
7396.79 0.528214 
7434.87 0.525545 
7472.95 0.522859 
7511.02 0.520177 
7549.1 0.5175 
7587.17 0.514801 
7625.25 0.512108 
7663.33 0.509419 
7701.4 0.506715 
7739.48 0.504012 
7777.55 0.501314 
7815.63 0.498607 
7853.71 0.495894 
7891.78 0.493186 
7929.86 0.490478 
7967.94 0.487756 
8006.01 0.48504 
8044.09 0.482329 
8082.16 0.479603 
8120.24 0.476879 
8158.32 0.474161 
8196.39 0.471438 
8234.47 0.468708 
8272.54 0.465983 
8310.62 0.463264 
8348.7 0.460529 
8386.77 0.457799 
8424.85 0.455074 
8462.93 0.452346 
8501 0.44961 
8539.08 0.446881 
8577.15 0.444158 
8615.23 0.441422 
8653.31 0.438689 
8691.38 0.435962 
8729.46 0.433237 
8767.54 0.4305 
8805.61 0.427769 
8843.69 0.425045 
8881.76 0.422315 
8919.84 0.419581 
8957.92 0.416854 
8995.99 0.414133 
9034.07 0.411401 
9072.14 0.40867 
9110.22 0.405946 
9148.3 0.403227 
9186.37 0.400495 
9224.45 0.397767 
9262.53 0.395045 
9300.6 0.392329 
9338.68 0.389596 
9376.75 0.38687 
9414.83 0.38415 
9452.91 0.381434 
9490.98 0.378703 
9529.06 0.375977 
9567.13 0.373258 
9605.21 0.370542 
9643.29 0.367809 
9681.36 0.365081 
9719.44 0.362358 
9757.52 0.359641 
9795.59 0.356903 
9833.67 0.35417 
9871.74 0.351442 
9909.82 0.348719 
9947.9 0.345982 
9985.97 0.343246 
10024 0.340515 
10062.1 0.337787 
10100.2 0.335038 
10138.3 0.332279 
10176.4 0.329522 
10214.4 0.326767 
10252.5 0.323998 
10290.6 0.3212 
10328.7 0.318402 
10366.7 0.315604 
10404.8 0.312805 
10442.9 0.309942 
10481 0.307075 
10519 0.304204 
10557.1 0.301327 
10595.2 0.298386 
10633.3 0.295396 
10671.3 0.292392 
10709.4 0.289374 
10747.5 0.286321 
10785.6 0.283074 
10823.6 0.279794 
10861.7 0.27648 
10899.8 0.273126 
10937.9 0.26939 
10976 0.265263 
11014 0.261011 
11052.1 0.256614 
11090.2 0.252048 
11128.3 0.225951 
11166.3 0.17238 
11204.4 0.102312 
11242.5 0.109379 
11280.6 0.153132 
11318.6 0.153958 
11356.7 0.154742 
11394.8 0.155485 
11432.9 0.156187 
11470.9 0.156018 
11509 0.15456 
11547.1 0.153099 
11585.2 0.151633 
11623.2 0.150163 
11661.3 0.148381 
11699.4 0.146318 
11737.5 0.144245 
11775.6 0.142161 
11813.6 0.140067 
11851.7 0.13777 
11889.8 0.13532 
11927.9 0.132853 
11965.9 0.130371 
12004 0.127872 
12042.1 0.125211 
12080.2 0.122418 
12118.2 0.119607 
12156.3 0.116781 
12194.4 0.113942 
12232.5 0.110969 
12270.5 0.107838 
12308.6 0.104705 
12346.7 0.101577 
12384.8 0.0984594 
12422.8 0.0952459 
12460.9 0.0917456 
12499 0.0882934 
12537.1 0.0849009 
12575.2 0.0815791 
12613.2 0.0783378 
12651.3 0.0722375 
12689.4 0.0665148 
12727.5 0.0612227 
12765.5 0.056362 
12803.6 0.051917 
12841.7 0.0366992 
12879.8 0.0392319 
12917.8 0.0419233 
12955.9 0.0447814 
12994 0.0478121 
13032.1 0.0501854 
13070.1 0.0489855 
13108.2 0.0478109 
13146.3 0.0466618 
13184.4 0.0455378 
13222.4 0.0444388 
13260.5 0.0421948 
13298.6 0.0394998 
13336.7 0.0369915 
13374.7 0.0346586 
13412.8 0.0324895 
13450.9 0.0355896 
13489 0.0349995 
13527.1 0.0344174 
13565.1 0.0338432 
13603.2 0.0332769 
13641.3 0.0327185 
13679.4 0.0320916 
13717.4 0.0313176 
13755.5 0.0305628 
13793.6 0.0298268 
13831.7 0.0291091 
13869.7 0.0284095 
13907.8 0.027702 
13945.9 0.0269896 
13984 0.0262969 
14022 0.0256233 
14060.1 0.0249684 
14098.2 0.0243316 
14136.3 0.0236982 
14174.3 0.0230743 
14212.4 0.0224684 
14250.5 0.0218799 
14288.6 0.0213085 
14326.7 0.0207535 
14364.7 0.0202065 
14402.8 0.0196707 
14440.9 0.0191507 
14479 0.018646 
14517 0.018156 
14555.1 0.0176804 
14593.2 0.0172144 
14631.3 0.0167585 
14669.3 0.0163161 
14707.4 0.0158866 
14745.5 0.0154698 
14783.6 0.0150651 
14821.6 0.0146705 
14859.7 0.0142842 
14897.8 0.0139092 
14935.9 0.0135452 
14973.9 0.0131918 
15012 0.0128487 
15050.1 0.0125153 
15088.2 0.0121884 
15126.3 0.011871 
15164.3 0.0115627 
15202.4 0.0112634 
15240.5 0.0109726 
15278.6 0.0106902 
15316.6 0.0104143 
15354.7 0.0101455 
15392.8 0.00988439 
15430.9 0.00963072 
15468.9 0.00938422 
15507 0.0091447 
15545.1 0.00891166 
15583.2 0.00868383 
15621.2 0.00846242 
15659.3 0.00824721 
15697.4 0.00803801 
15735.5 0.00783464 
15773.5 0.0076369 
15811.6 0.007444 
15849.7 0.00725595 
15887.8 0.00707309 
15925.9 0.00689526 
15963.9 0.00672231 
16002 0.00655408 
16040.1 0.00639044 
16078.2 0.00623057 
16116.2 0.00607492 
16154.3 0.0059235 
16192.4 0.00577618 
16230.5 0.00563282 
16268.5 0.00549331 
16306.6 0.00535752 
16344.7 0.0052248 
16382.8 0.00509563 
16420.8 0.00496991 
16458.9 0.00484753 
16497 0.00472839 
16535.1 0.0046124 
16573.1 0.00449942 
16611.2 0.00438904 
16649.3 0.00428157 
16687.4 0.00417691 
16725.5 0.00407499 
16763.5 0.00397573 
16801.6 0.00387906 
16839.7 0.00378486 
16877.8 0.00369283 
16915.8 0.00360318 
16953.9 0.00351585 
16992 0.00343077 
17030.1 0.00334787 
17068.1 0.0032671 
17106.2 0.0031884 
17144.3 0.0031115 
17182.4 0.00303655 
17220.4 0.00296351 
17258.5 0.00289233 
17296.6 0.00282295 
17334.7 0.00275532 
17372.7 0.00268941 
17410.8 0.00262505 
17448.9 0.00256226 
17487 0.00250105 
17525.1 0.00244137 
17563.1 0.00238318 
17601.2 0.00232646 
17639.3 0.00227114 
17677.4 0.00221718 
17715.4 0.00216447 
17753.5 0.00211307 
17791.6 0.00206295 
17829.7 0.00201406 
17867.7 0.00196639 
17905.8 0.0019199 
17943.9 0.00187455 
17982 0.00183025 
18020 0.00178701 
18058.1 0.00174484 
18096.2 0.00170371 
18134.3 0.00166357 
18172.3 0.00162443 
18210.4 0.00158624 
18248.5 0.00154896 
18286.6 0.00151254 
18324.6 0.00147701 
18362.7 0.00144234 
18400.8 0.00140851 
18438.9 0.00137551 
18477 0.0013433 
18515 0.00131186 
18553.1 0.00128117 
18591.2 0.00125119 
18629.3 0.00122193 
18667.3 0.00119338 
18705.4 0.00116551 
18743.5 0.00113832 
18781.6 0.00111177 
18819.6 0.00108586 
18857.7 0.00106055 
18895.8 0.00103583 
18933.9 0.0010117 
18971.9 0.000988148 
19010 0.000965156 
19048.1 0.000942712 
19086.2 0.000920801 
19124.2 0.000899411 
19162.3 0.000878515 
19200.4 0.000858103 
19238.5 0.000838175 
19276.6 0.000818719 
19314.6 0.000799724 
19352.7 0.000781178 
19390.8 0.00076307 
19428.9 0.000745389 
19466.9 0.000728118 
19505 0.000711243 
19543.1 0.000694765 
19581.2 0.000678675 
19619.2 0.000662963 
19657.3 0.000647621 
19695.4 0.000632639 
19733.5 0.000618009 
19771.5 0.000603721 
19809.6 0.000589754 
19847.7 0.000576115 
19885.8 0.000562795 
19923.8 0.000549788 
19961.9 0.000537084 
20000 0.000524677 
