1000 0.950719 
1038.08 0.950667 
1076.15 0.950581 
1114.23 0.950426 
1152.3 0.950213 
1190.38 0.949952 
1228.46 0.949648 
1266.53 0.949333 
1304.61 0.948999 
1342.69 0.948611 
1380.76 0.948172 
1418.84 0.947675 
1456.91 0.947123 
1494.99 0.946526 
1533.07 0.945875 
1571.14 0.945145 
1609.22 0.944319 
1647.29 0.94339 
1685.37 0.942321 
1723.45 0.941113 
1761.52 0.939722 
1799.6 0.938071 
1837.68 0.936056 
1875.75 0.933406 
1913.83 0.929786 
1951.9 0.924381 
1989.98 0.914666 
2028.06 0.855232 
2066.13 0.798264 
2104.21 0.75048 
2142.28 0.800215 
2180.36 0.822811 
2218.44 0.833152 
2256.51 0.839867 
2294.59 0.844672 
2332.67 0.848251 
2370.74 0.85094 
2408.82 0.852898 
2446.89 0.854143 
2484.97 0.854465 
2523.05 0.852341 
2561.12 0.827665 
2599.2 0.845894 
2637.27 0.849713 
2675.35 0.852164 
2713.43 0.853984 
2751.5 0.855389 
2789.58 0.85644 
2827.66 0.857099 
2865.73 0.857169 
2903.81 0.851454 
2941.88 0.853033 
2979.96 0.854829 
3018.04 0.85582 
3056.11 0.856508 
3094.19 0.856958 
3132.26 0.856559 
3170.34 0.853837 
3208.42 0.853581 
3246.49 0.855437 
3284.57 0.855995 
3322.65 0.856383 
3360.72 0.856676 
3398.8 0.856919 
3436.87 0.857114 
3474.95 0.857235 
3513.03 0.857332 
3551.1 0.857406 
3589.18 0.857414 
3627.25 0.857408 
3665.33 0.857385 
3703.41 0.857308 
3741.48 0.857222 
3779.56 0.857117 
3817.64 0.856972 
3855.71 0.856821 
3893.79 0.856636 
3931.86 0.856433 
3969.94 0.856223 
4008.02 0.855975 
4046.09 0.855726 
4084.17 0.855446 
4122.24 0.855155 
4160.32 0.854854 
4198.4 0.854525 
4236.47 0.854199 
4274.55 0.853833 
4312.62 0.853472 
4350.7 0.853082 
4388.78 0.852688 
4426.85 0.852275 
4464.93 0.85185 
4503.01 0.851413 
4541.08 0.850958 
4579.16 0.850498 
4617.23 0.850016 
4655.31 0.849533 
4693.39 0.849025 
4731.46 0.848517 
4769.54 0.847985 
4807.62 0.847453 
4845.69 0.846899 
4883.77 0.846343 
4921.84 0.845767 
4959.92 0.845188 
4998 0.844592 
5036.07 0.843989 
5074.15 0.843374 
5112.22 0.842747 
5150.3 0.842114 
5188.38 0.841464 
5226.45 0.840814 
5264.53 0.840141 
5302.6 0.839475 
5340.68 0.838779 
5378.76 0.838088 
5416.83 0.837378 
5454.91 0.836664 
5492.99 0.83594 
5531.06 0.835202 
5569.14 0.834466 
5607.21 0.833705 
5645.29 0.832949 
5683.37 0.832174 
5721.44 0.831395 
5759.52 0.830609 
5797.6 0.829806 
5835.67 0.829008 
5873.75 0.828186 
5911.82 0.827364 
5949.9 0.826534 
5987.98 0.825689 
6026.05 0.824848 
6064.13 0.823983 
6102.2 0.823118 
6140.28 0.822247 
6178.36 0.82136 
6216.43 0.820476 
6254.51 0.819573 
6292.59 0.818665 
6330.66 0.817759 
6368.74 0.816828 
6406.81 0.8159 
6444.89 0.814964 
6482.97 0.814014 
6521.04 0.813066 
6559.12 0.812103 
6597.19 0.811132 
6635.27 0.810165 
6673.35 0.809174 
6711.42 0.808184 
6749.5 0.807193 
6787.58 0.80618 
6825.65 0.805169 
6863.73 0.804154 
6901.8 0.803122 
6939.88 0.802091 
6977.96 0.801054 
7016.03 0.8 
7054.11 0.798948 
7092.18 0.797889 
7130.26 0.796815 
7168.34 0.795742 
7206.41 0.794663 
7244.49 0.793568 
7282.57 0.792475 
7320.64 0.791376 
7358.72 0.790261 
7396.79 0.789147 
7434.87 0.788031 
7472.95 0.786896 
7511.02 0.785761 
7549.1 0.784628 
7587.17 0.783472 
7625.25 0.782317 
7663.33 0.781163 
7701.4 0.779992 
7739.48 0.778817 
7777.55 0.777643 
7815.63 0.776457 
7853.71 0.775262 
7891.78 0.774067 
7929.86 0.772868 
7967.94 0.771653 
8006.01 0.770438 
8044.09 0.769223 
8082.16 0.767991 
8120.24 0.766756 
8158.32 0.765521 
8196.39 0.764277 
8234.47 0.763022 
8272.54 0.761767 
8310.62 0.760512 
8348.7 0.759238 
8386.77 0.757963 
8424.85 0.756688 
8462.93 0.755404 
8501 0.754109 
8539.08 0.752814 
8577.15 0.751519 
8615.23 0.750207 
8653.31 0.748893 
8691.38 0.747579 
8729.46 0.74626 
8767.54 0.744925 
8805.61 0.74359 
8843.69 0.742255 
8881.76 0.740911 
8919.84 0.739556 
8957.92 0.738202 
8995.99 0.736848 
9034.07 0.735478 
9072.14 0.734103 
9110.22 0.732728 
9148.3 0.731353 
9186.37 0.72996 
9224.45 0.728565 
9262.53 0.72717 
9300.6 0.725774 
9338.68 0.724359 
9376.75 0.722943 
9414.83 0.721527 
9452.91 0.720109 
9490.98 0.718672 
9529.06 0.717236 
9567.13 0.715799 
9605.21 0.71436 
9643.29 0.712901 
9681.36 0.711442 
9719.44 0.709982 
9757.52 0.708522 
9795.59 0.707041 
9833.67 0.705559 
9871.74 0.704077 
9909.82 0.702595 
9947.9 0.701099 
9985.97 0.699601 
10024 0.698103 
10062.1 0.696605 
10100.2 0.695088 
10138.3 0.69356 
10176.4 0.692032 
10214.4 0.690504 
10252.5 0.688964 
10290.6 0.687402 
10328.7 0.68584 
10366.7 0.684278 
10404.8 0.682715 
10442.9 0.681111 
10481 0.679506 
10519 0.677901 
10557.1 0.676295 
10595.2 0.674654 
10633.3 0.672988 
10671.3 0.671322 
10709.4 0.669655 
10747.5 0.667976 
10785.6 0.666204 
10823.6 0.66443 
10861.7 0.662653 
10899.8 0.660875 
10937.9 0.658942 
10976 0.656866 
11014 0.654781 
11052.1 0.652689 
11090.2 0.650587 
11128.3 0.642109 
11166.3 0.631219 
11204.4 0.617952 
11242.5 0.528096 
11280.6 0.555177 
11318.6 0.556031 
11356.7 0.556837 
11394.8 0.557596 
11432.9 0.558309 
11470.9 0.558495 
11509 0.557926 
11547.1 0.557352 
11585.2 0.556774 
11623.2 0.556191 
11661.3 0.555427 
11699.4 0.554504 
11737.5 0.553582 
11775.6 0.552659 
11813.6 0.551736 
11851.7 0.550704 
11889.8 0.549595 
11927.9 0.548486 
11965.9 0.547379 
12004 0.546274 
12042.1 0.545088 
12080.2 0.54384 
12118.2 0.542593 
12156.3 0.541348 
12194.4 0.540106 
12232.5 0.538798 
12270.5 0.537412 
12308.6 0.536028 
12346.7 0.534646 
12384.8 0.533266 
12422.8 0.531829 
12460.9 0.530229 
12499 0.528631 
12537.1 0.527034 
12575.2 0.525438 
12613.2 0.523844 
12651.3 0.520608 
12689.4 0.517311 
12727.5 0.513966 
12765.5 0.510572 
12803.6 0.507125 
12841.7 0.446597 
12879.8 0.452192 
12917.8 0.457392 
12955.9 0.462222 
12994 0.466708 
13032.1 0.469948 
13070.1 0.469001 
13108.2 0.468053 
13146.3 0.467106 
13184.4 0.466159 
13222.4 0.465211 
13260.5 0.462725 
13298.6 0.459395 
13336.7 0.456025 
13374.7 0.452614 
13412.8 0.449159 
13450.9 0.439972 
13489 0.43945 
13527.1 0.438921 
13565.1 0.438388 
13603.2 0.437849 
13641.3 0.437306 
13679.4 0.436604 
13717.4 0.435577 
13755.5 0.43455 
13793.6 0.433523 
13831.7 0.432496 
13869.7 0.43147 
13907.8 0.430378 
13945.9 0.429224 
13984 0.428072 
14022 0.42692 
14060.1 0.42577 
14098.2 0.42462 
14136.3 0.423423 
14174.3 0.422197 
14212.4 0.420972 
14250.5 0.419749 
14288.6 0.418526 
14326.7 0.417305 
14364.7 0.416049 
14402.8 0.414773 
14440.9 0.413498 
14479 0.412224 
14517 0.410951 
14555.1 0.40968 
14593.2 0.408385 
14631.3 0.407068 
14669.3 0.405754 
14707.4 0.40444 
14745.5 0.403127 
14783.6 0.401816 
14821.6 0.400492 
14859.7 0.399144 
14897.8 0.397796 
14935.9 0.39645 
14973.9 0.395105 
15012 0.393761 
15050.1 0.392416 
15088.2 0.391039 
15126.3 0.389662 
15164.3 0.388287 
15202.4 0.386913 
15240.5 0.38554 
15278.6 0.384167 
15316.6 0.382776 
15354.7 0.381374 
15392.8 0.379972 
15430.9 0.378572 
15468.9 0.377173 
15507 0.375774 
15545.1 0.374372 
15583.2 0.372946 
15621.2 0.37152 
15659.3 0.370095 
15697.4 0.368671 
15735.5 0.367248 
15773.5 0.365824 
15811.6 0.364387 
15849.7 0.362938 
15887.8 0.361489 
15925.9 0.36004 
15963.9 0.358592 
16002 0.357144 
16040.1 0.355696 
16078.2 0.354227 
16116.2 0.352754 
16154.3 0.351282 
16192.4 0.349809 
16230.5 0.348336 
16268.5 0.346863 
16306.6 0.345389 
16344.7 0.343891 
16382.8 0.342394 
16420.8 0.340895 
16458.9 0.339397 
16497 0.337897 
16535.1 0.336398 
16573.1 0.334894 
16611.2 0.33337 
16649.3 0.331845 
16687.4 0.330318 
16725.5 0.328791 
16763.5 0.327262 
16801.6 0.325732 
16839.7 0.324199 
16877.8 0.322644 
16915.8 0.321087 
16953.9 0.319528 
16992 0.317967 
17030.1 0.316405 
17068.1 0.31484 
17106.2 0.313272 
17144.3 0.311683 
17182.4 0.310089 
17220.4 0.308492 
17258.5 0.306893 
17296.6 0.30529 
17334.7 0.303683 
17372.7 0.302073 
17410.8 0.300446 
17448.9 0.298808 
17487 0.297165 
17525.1 0.295518 
17563.1 0.293866 
17601.2 0.292209 
17639.3 0.290546 
17677.4 0.288873 
17715.4 0.28718 
17753.5 0.285481 
17791.6 0.283775 
17829.7 0.282062 
17867.7 0.280342 
17905.8 0.278615 
17943.9 0.27688 
17982 0.275122 
18020 0.27335 
18058.1 0.27157 
18096.2 0.26978 
18134.3 0.267979 
18172.3 0.266169 
18210.4 0.264347 
18248.5 0.262512 
18286.6 0.260647 
18324.6 0.25877 
18362.7 0.25688 
18400.8 0.254976 
18438.9 0.253057 
18477 0.251123 
18515 0.249172 
18553.1 0.247198 
18591.2 0.245195 
18629.3 0.243173 
18667.3 0.241132 
18705.4 0.23907 
18743.5 0.236987 
18781.6 0.234882 
18819.6 0.232754 
18857.7 0.230592 
18895.8 0.228396 
18933.9 0.226173 
18971.9 0.223922 
19010 0.221642 
19048.1 0.219333 
19086.2 0.216992 
19124.2 0.214618 
19162.3 0.212202 
19200.4 0.209741 
19238.5 0.207244 
19276.6 0.20471 
19314.6 0.202138 
19352.7 0.199526 
19390.8 0.196874 
19428.9 0.194182 
19466.9 0.191441 
19505 0.188648 
19543.1 0.185813 
19581.2 0.182937 
19619.2 0.18002 
19657.3 0.177064 
19695.4 0.17407 
19733.5 0.17104 
19771.5 0.167976 
19809.6 0.164867 
19847.7 0.161733 
19885.8 0.158576 
19923.8 0.155404 
19961.9 0.152219 
20000 0.149029 
