1000 0.937527 
1038.08 0.937525 
1076.15 0.937483 
1114.23 0.937356 
1152.3 0.937156 
1190.38 0.936897 
1228.46 0.936586 
1266.53 0.936263 
1304.61 0.935918 
1342.69 0.935506 
1380.76 0.935031 
1418.84 0.934483 
1456.91 0.933868 
1494.99 0.933197 
1533.07 0.93246 
1571.14 0.931623 
1609.22 0.930666 
1647.29 0.929578 
1685.37 0.928312 
1723.45 0.92687 
1761.52 0.925195 
1799.6 0.923187 
1837.68 0.920715 
1875.75 0.91743 
1913.83 0.912901 
1951.9 0.906087 
1989.98 0.893762 
2028.06 0.81839 
2066.13 0.74894 
2104.21 0.691071 
2142.28 0.751821 
2180.36 0.77965 
2218.44 0.792526 
2256.51 0.800954 
2294.59 0.807034 
2332.67 0.811601 
2370.74 0.815067 
2408.82 0.817629 
2446.89 0.819303 
2484.97 0.819825 
2523.05 0.817284 
2561.12 0.786741 
2599.2 0.809567 
2637.27 0.814469 
2675.35 0.81767 
2713.43 0.820086 
2751.5 0.821987 
2789.58 0.823448 
2827.66 0.824418 
2865.73 0.824652 
2903.81 0.817601 
2941.88 0.819787 
2979.96 0.822199 
3018.04 0.823603 
3056.11 0.824628 
3094.19 0.825357 
3132.26 0.825015 
3170.34 0.821738 
3208.42 0.821614 
3246.49 0.824132 
3284.57 0.82501 
3322.65 0.825678 
3360.72 0.826228 
3398.8 0.826718 
3436.87 0.82715 
3474.95 0.82749 
3513.03 0.827803 
3551.1 0.82809 
3589.18 0.828295 
3627.25 0.828484 
3665.33 0.828656 
3703.41 0.82876 
3741.48 0.828856 
3779.56 0.828929 
3817.64 0.828955 
3855.71 0.828975 
3893.79 0.828954 
3931.86 0.828914 
3969.94 0.828866 
4008.02 0.828772 
4046.09 0.82868 
4084.17 0.828549 
4122.24 0.828407 
4160.32 0.828255 
4198.4 0.82807 
4236.47 0.82789 
4274.55 0.827661 
4312.62 0.827441 
4350.7 0.827186 
4388.78 0.826928 
4426.85 0.826649 
4464.93 0.826355 
4503.01 0.826049 
4541.08 0.825723 
4579.16 0.825391 
4617.23 0.825034 
4655.31 0.824676 
4693.39 0.82429 
4731.46 0.823906 
4769.54 0.823493 
4807.62 0.823082 
4845.69 0.822644 
4883.77 0.822207 
4921.84 0.821745 
4959.92 0.821282 
4998 0.820799 
5036.07 0.820309 
5074.15 0.819805 
5112.22 0.819289 
5150.3 0.818766 
5188.38 0.818223 
5226.45 0.817683 
5264.53 0.817114 
5302.6 0.816556 
5340.68 0.815962 
5378.76 0.815377 
5416.83 0.814768 
5454.91 0.814156 
5492.99 0.813534 
5531.06 0.812895 
5569.14 0.812261 
5607.21 0.811596 
5645.29 0.81094 
5683.37 0.81026 
5721.44 0.809577 
5759.52 0.808888 
5797.6 0.808178 
5835.67 0.807476 
5873.75 0.806744 
5911.82 0.806015 
5949.9 0.805276 
5987.98 0.80452 
6026.05 0.803772 
6064.13 0.802993 
6102.2 0.802218 
6140.28 0.801435 
6178.36 0.800632 
6216.43 0.799836 
6254.51 0.799017 
6292.59 0.798194 
6330.66 0.797373 
6368.74 0.796522 
6406.81 0.795677 
6444.89 0.794823 
6482.97 0.793952 
6521.04 0.793086 
6559.12 0.7922 
6597.19 0.791308 
6635.27 0.79042 
6673.35 0.789504 
6711.42 0.788589 
6749.5 0.787676 
6787.58 0.786735 
6825.65 0.785798 
6863.73 0.784858 
6901.8 0.783895 
6939.88 0.782936 
6977.96 0.781971 
7016.03 0.780985 
7054.11 0.780003 
7092.18 0.779013 
7130.26 0.778004 
7168.34 0.776999 
7206.41 0.775986 
7244.49 0.774954 
7282.57 0.773925 
7320.64 0.77289 
7358.72 0.771836 
7396.79 0.770784 
7434.87 0.769729 
7472.95 0.768651 
7511.02 0.767576 
7549.1 0.766502 
7587.17 0.7654 
7625.25 0.764301 
7663.33 0.763204 
7701.4 0.762085 
7739.48 0.760962 
7777.55 0.759841 
7815.63 0.758706 
7853.71 0.75756 
7891.78 0.756415 
7929.86 0.755265 
7967.94 0.754095 
8006.01 0.752925 
8044.09 0.751758 
8082.16 0.750567 
8120.24 0.749374 
8158.32 0.748182 
8196.39 0.746978 
8234.47 0.74576 
8272.54 0.744543 
8310.62 0.743328 
8348.7 0.742085 
8386.77 0.740844 
8424.85 0.739603 
8462.93 0.738351 
8501 0.737084 
8539.08 0.735817 
8577.15 0.734552 
8615.23 0.733264 
8653.31 0.731973 
8691.38 0.730683 
8729.46 0.729387 
8767.54 0.72807 
8805.61 0.726753 
8843.69 0.725436 
8881.76 0.724106 
8919.84 0.722763 
8957.92 0.721421 
8995.99 0.720079 
9034.07 0.718715 
9072.14 0.717345 
9110.22 0.715975 
9148.3 0.714605 
9186.37 0.713209 
9224.45 0.711811 
9262.53 0.710413 
9300.6 0.709013 
9338.68 0.707586 
9376.75 0.706158 
9414.83 0.704729 
9452.91 0.703298 
9490.98 0.70184 
9529.06 0.700381 
9567.13 0.698922 
9605.21 0.697459 
9643.29 0.695967 
9681.36 0.694473 
9719.44 0.692979 
9757.52 0.691484 
9795.59 0.689955 
9833.67 0.688426 
9871.74 0.686895 
9909.82 0.685363 
9947.9 0.68381 
9985.97 0.682251 
10024 0.680691 
10062.1 0.67913 
10100.2 0.677538 
10138.3 0.675928 
10176.4 0.674316 
10214.4 0.672702 
10252.5 0.671067 
10290.6 0.669396 
10328.7 0.667722 
10366.7 0.666046 
10404.8 0.664366 
10442.9 0.662614 
10481 0.660859 
10519 0.659099 
10557.1 0.657336 
10595.2 0.655509 
10633.3 0.653634 
10671.3 0.651754 
10709.4 0.649866 
10747.5 0.647955 
10785.6 0.645869 
10823.6 0.643771 
10861.7 0.641661 
10899.8 0.639539 
10937.9 0.637116 
10976 0.634411 
11014 0.631669 
11052.1 0.628889 
11090.2 0.626068 
11128.3 0.610189 
11166.3 0.58765 
11204.4 0.556275 
11242.5 0.43441 
11280.6 0.485069 
11318.6 0.487241 
11356.7 0.489348 
11394.8 0.49139 
11432.9 0.493368 
11470.9 0.494408 
11509 0.494086 
11547.1 0.49376 
11585.2 0.49343 
11623.2 0.493097 
11661.3 0.492438 
11699.4 0.491489 
11737.5 0.490539 
11775.6 0.489588 
11813.6 0.488636 
11851.7 0.48748 
11889.8 0.486177 
11927.9 0.484872 
11965.9 0.483564 
12004 0.482253 
12042.1 0.480785 
12080.2 0.479191 
12118.2 0.477591 
12156.3 0.475986 
12194.4 0.474374 
12232.5 0.472626 
12270.5 0.47071 
12308.6 0.468782 
12346.7 0.466843 
12384.8 0.464891 
12422.8 0.462804 
12460.9 0.460354 
12499 0.45788 
12537.1 0.45538 
12575.2 0.452853 
12613.2 0.450298 
12651.3 0.443906 
12689.4 0.437199 
12727.5 0.430187 
12765.5 0.42284 
12803.6 0.415124 
12841.7 0.315055 
12879.8 0.328073 
12917.8 0.340319 
12955.9 0.35181 
12994 0.362569 
13032.1 0.37056 
13070.1 0.369186 
13108.2 0.367802 
13146.3 0.366409 
13184.4 0.365007 
13222.4 0.363594 
13260.5 0.358535 
13298.6 0.351346 
13336.7 0.343889 
13374.7 0.336148 
13412.8 0.328107 
13450.9 0.325343 
13489 0.324789 
13527.1 0.324227 
13565.1 0.323656 
13603.2 0.323078 
13641.3 0.322491 
13679.4 0.321532 
13717.4 0.319785 
13755.5 0.318022 
13793.6 0.316244 
13831.7 0.31445 
13869.7 0.312639 
13907.8 0.310653 
13945.9 0.308496 
13984 0.306317 
14022 0.304115 
14060.1 0.301889 
14098.2 0.299639 
14136.3 0.297249 
14174.3 0.294757 
14212.4 0.292236 
14250.5 0.289686 
14288.6 0.287105 
14326.7 0.284493 
14364.7 0.281763 
14402.8 0.278946 
14440.9 0.276093 
14479 0.273205 
14517 0.270281 
14555.1 0.267321 
14593.2 0.264263 
14631.3 0.261113 
14669.3 0.257925 
14707.4 0.254698 
14745.5 0.251434 
14783.6 0.248132 
14821.6 0.244762 
14859.7 0.241293 
14897.8 0.237789 
14935.9 0.234251 
14973.9 0.230682 
15012 0.227084 
15050.1 0.223455 
15088.2 0.219726 
15126.3 0.215976 
15164.3 0.21221 
15202.4 0.208432 
15240.5 0.204645 
15278.6 0.200855 
15316.6 0.197023 
15354.7 0.193174 
15392.8 0.189339 
15430.9 0.18552 
15468.9 0.181724 
15507 0.177956 
15545.1 0.174212 
15583.2 0.170463 
15621.2 0.166757 
15659.3 0.163099 
15697.4 0.159493 
15735.5 0.155943 
15773.5 0.152451 
15811.6 0.148998 
15849.7 0.145594 
15887.8 0.142257 
15925.9 0.138989 
15963.9 0.135792 
16002 0.132666 
16040.1 0.129612 
16078.2 0.126606 
16116.2 0.123668 
16154.3 0.120805 
16192.4 0.118013 
16230.5 0.115293 
16268.5 0.112644 
16306.6 0.110064 
16344.7 0.107534 
16382.8 0.105071 
16420.8 0.102676 
16458.9 0.100345 
16497 0.098079 
16535.1 0.0958746 
16573.1 0.0937292 
16611.2 0.0916303 
16649.3 0.0895894 
16687.4 0.0876051 
16725.5 0.0856755 
16763.5 0.0837991 
16801.6 0.0819744 
16839.7 0.0801987 
16877.8 0.0784622 
16915.8 0.0767733 
16953.9 0.0751304 
16992 0.0735321 
17030.1 0.0719771 
17068.1 0.0704638 
17106.2 0.068991 
17144.3 0.0675507 
17182.4 0.0661483 
17220.4 0.0647828 
17258.5 0.0634534 
17296.6 0.0621586 
17334.7 0.0608976 
17372.7 0.0596692 
17410.8 0.0584688 
17448.9 0.0572974 
17487 0.0561559 
17525.1 0.0550433 
17563.1 0.0539587 
17601.2 0.0529014 
17639.3 0.0518703 
17677.4 0.0508637 
17715.4 0.049879 
17753.5 0.0489184 
17791.6 0.0479812 
17829.7 0.0470668 
17867.7 0.0461744 
17905.8 0.0453033 
17943.9 0.044453 
17982 0.0436205 
18020 0.0428069 
18058.1 0.0420123 
18096.2 0.0412363 
18134.3 0.0404783 
18172.3 0.0397377 
18210.4 0.0390141 
18248.5 0.0383066 
18286.6 0.0376132 
18324.6 0.0369355 
18362.7 0.036273 
18400.8 0.0356252 
18438.9 0.0349919 
18477 0.0343725 
18515 0.0337666 
18553.1 0.0331734 
18591.2 0.032592 
18629.3 0.0320231 
18667.3 0.0314666 
18705.4 0.0309219 
18743.5 0.0303889 
18781.6 0.0298671 
18819.6 0.0293563 
18857.7 0.0288555 
18895.8 0.0283646 
18933.9 0.0278839 
18971.9 0.0274131 
19010 0.0269521 
19048.1 0.0265004 
19086.2 0.026058 
19124.2 0.0256245 
19162.3 0.0251993 
19200.4 0.0247822 
19238.5 0.0243734 
19276.6 0.0239728 
19314.6 0.0235801 
19352.7 0.0231952 
19390.8 0.0228179 
19428.9 0.0224479 
19466.9 0.0220849 
19505 0.0217284 
19543.1 0.0213789 
19581.2 0.021036 
19619.2 0.0206998 
19657.3 0.02037 
19695.4 0.0200464 
19733.5 0.019729 
19771.5 0.0194175 
19809.6 0.0191113 
19847.7 0.0188109 
19885.8 0.0185161 
19923.8 0.0182267 
19961.9 0.0179427 
20000 0.0176639 
