1000 0.946489 
1038.08 0.946569 
1076.15 0.946616 
1114.23 0.946591 
1152.3 0.946507 
1190.38 0.946372 
1228.46 0.946196 
1266.53 0.946012 
1304.61 0.945811 
1342.69 0.945555 
1380.76 0.945246 
1418.84 0.944878 
1456.91 0.944452 
1494.99 0.943981 
1533.07 0.943454 
1571.14 0.942843 
1609.22 0.94213 
1647.29 0.941304 
1685.37 0.940326 
1723.45 0.939195 
1761.52 0.937863 
1799.6 0.936242 
1837.68 0.934215 
1875.75 0.931478 
1913.83 0.927649 
1951.9 0.921813 
1989.98 0.911125 
2028.06 0.844641 
2066.13 0.781919 
2104.21 0.72949 
2142.28 0.784649 
2180.36 0.809927 
2218.44 0.82167 
2256.51 0.829404 
2294.59 0.835026 
2332.67 0.839292 
2370.74 0.842573 
2408.82 0.845046 
2446.89 0.846727 
2484.97 0.84738 
2523.05 0.845298 
2561.12 0.818036 
2599.2 0.838718 
2637.27 0.843307 
2675.35 0.846372 
2713.43 0.848736 
2751.5 0.850641 
2789.58 0.852156 
2827.66 0.853235 
2865.73 0.853658 
2903.81 0.847569 
2941.88 0.849716 
2979.96 0.852096 
3018.04 0.853575 
3056.11 0.854719 
3094.19 0.8556 
3132.26 0.855527 
3170.34 0.852832 
3208.42 0.85294 
3246.49 0.855432 
3284.57 0.856461 
3322.65 0.857303 
3360.72 0.858043 
3398.8 0.858732 
3436.87 0.859372 
3474.95 0.859933 
3513.03 0.860472 
3551.1 0.86099 
3589.18 0.861438 
3627.25 0.861875 
3665.33 0.862299 
3703.41 0.862665 
3741.48 0.863026 
3779.56 0.86337 
3817.64 0.863674 
3855.71 0.863975 
3893.79 0.864243 
3931.86 0.864495 
3969.94 0.864744 
4008.02 0.864955 
4046.09 0.865169 
4084.17 0.865351 
4122.24 0.865526 
4160.32 0.865695 
4198.4 0.865836 
4236.47 0.865985 
4274.55 0.866093 
4312.62 0.866211 
4350.7 0.866301 
4388.78 0.86639 
4426.85 0.866463 
4464.93 0.866525 
4503.01 0.86658 
4541.08 0.866618 
4579.16 0.866653 
4617.23 0.866669 
4655.31 0.866687 
4693.39 0.866682 
4731.46 0.86668 
4769.54 0.866656 
4807.62 0.866636 
4845.69 0.866593 
4883.77 0.866555 
4921.84 0.866496 
4959.92 0.866439 
4998 0.866366 
5036.07 0.86629 
5074.15 0.866203 
5112.22 0.866107 
5150.3 0.866008 
5188.38 0.865893 
5226.45 0.865783 
5264.53 0.86565 
5302.6 0.865529 
5340.68 0.865377 
5378.76 0.865237 
5416.83 0.865077 
5454.91 0.864916 
5492.99 0.864749 
5531.06 0.864568 
5569.14 0.864394 
5607.21 0.864194 
5645.29 0.864005 
5683.37 0.863797 
5721.44 0.863588 
5759.52 0.863375 
5797.6 0.863146 
5835.67 0.862927 
5873.75 0.862682 
5911.82 0.862443 
5949.9 0.862197 
5987.98 0.861937 
6026.05 0.861686 
6064.13 0.86141 
6102.2 0.861139 
6140.28 0.860863 
6178.36 0.860572 
6216.43 0.860288 
6254.51 0.859985 
6292.59 0.859681 
6330.66 0.859381 
6368.74 0.859056 
6406.81 0.858739 
6444.89 0.858414 
6482.97 0.858077 
6521.04 0.857746 
6559.12 0.857399 
6597.19 0.857048 
6635.27 0.856703 
6673.35 0.856335 
6711.42 0.855969 
6749.5 0.855607 
6787.58 0.855221 
6825.65 0.854841 
6863.73 0.85446 
6901.8 0.85406 
6939.88 0.853665 
6977.96 0.853267 
7016.03 0.852851 
7054.11 0.852441 
7092.18 0.852025 
7130.26 0.851594 
7168.34 0.851168 
7206.41 0.850736 
7244.49 0.850289 
7282.57 0.849847 
7320.64 0.849401 
7358.72 0.848938 
7396.79 0.84848 
7434.87 0.848021 
7472.95 0.847542 
7511.02 0.847067 
7549.1 0.846596 
7587.17 0.8461 
7625.25 0.845608 
7663.33 0.845119 
7701.4 0.844613 
7739.48 0.844104 
7777.55 0.8436 
7815.63 0.843083 
7853.71 0.842557 
7891.78 0.842035 
7929.86 0.841509 
7967.94 0.840966 
8006.01 0.840426 
8044.09 0.839889 
8082.16 0.839331 
8120.24 0.838773 
8158.32 0.838218 
8196.39 0.837654 
8234.47 0.837077 
8272.54 0.836504 
8310.62 0.835933 
8348.7 0.835338 
8386.77 0.834746 
8424.85 0.834156 
8462.93 0.833557 
8501 0.832946 
8539.08 0.832336 
8577.15 0.831729 
8615.23 0.831102 
8653.31 0.830475 
8691.38 0.829849 
8729.46 0.829219 
8767.54 0.828571 
8805.61 0.827924 
8843.69 0.82728 
8881.76 0.826624 
8919.84 0.825957 
8957.92 0.825293 
8995.99 0.82463 
9034.07 0.823949 
9072.14 0.823262 
9110.22 0.822577 
9148.3 0.821894 
9186.37 0.821188 
9224.45 0.820482 
9262.53 0.819776 
9300.6 0.819071 
9338.68 0.818341 
9376.75 0.817612 
9414.83 0.816885 
9452.91 0.816156 
9490.98 0.815403 
9529.06 0.814651 
9567.13 0.8139 
9605.21 0.813148 
9643.29 0.812369 
9681.36 0.811591 
9719.44 0.810814 
9757.52 0.810037 
9795.59 0.809232 
9833.67 0.808427 
9871.74 0.807622 
9909.82 0.806818 
9947.9 0.805996 
9985.97 0.80517 
10024 0.804346 
10062.1 0.803521 
10100.2 0.802671 
10138.3 0.801807 
10176.4 0.800942 
10214.4 0.800077 
10252.5 0.799196 
10290.6 0.798284 
10328.7 0.797372 
10366.7 0.796459 
10404.8 0.795545 
10442.9 0.794571 
10481 0.793596 
10519 0.79262 
10557.1 0.791642 
10595.2 0.790613 
10633.3 0.789545 
10671.3 0.788476 
10709.4 0.787404 
10747.5 0.786314 
10785.6 0.785082 
10823.6 0.783845 
10861.7 0.782602 
10899.8 0.781354 
10937.9 0.779866 
10976 0.778156 
11014 0.776426 
11052.1 0.774677 
11090.2 0.772907 
11128.3 0.761099 
11166.3 0.745129 
11204.4 0.724694 
11242.5 0.599721 
11280.6 0.64228 
11318.6 0.644735 
11356.7 0.647131 
11394.8 0.649469 
11432.9 0.651751 
11470.9 0.653238 
11509 0.653574 
11547.1 0.653907 
11585.2 0.654237 
11623.2 0.654566 
11661.3 0.654619 
11699.4 0.654429 
11737.5 0.654241 
11775.6 0.654054 
11813.6 0.65387 
11851.7 0.653516 
11889.8 0.653041 
11927.9 0.652569 
11965.9 0.652099 
12004 0.651631 
12042.1 0.651036 
12080.2 0.650341 
12118.2 0.649648 
12156.3 0.648956 
12194.4 0.648266 
12232.5 0.64747 
12270.5 0.646545 
12308.6 0.64562 
12346.7 0.644694 
12384.8 0.643769 
12422.8 0.642746 
12460.9 0.641449 
12499 0.640148 
12537.1 0.638843 
12575.2 0.637533 
12613.2 0.636218 
12651.3 0.632086 
12689.4 0.627808 
12727.5 0.623403 
12765.5 0.618863 
12803.6 0.614181 
12841.7 0.520143 
12879.8 0.530921 
12917.8 0.541049 
12955.9 0.55057 
12994 0.559525 
13032.1 0.566355 
13070.1 0.565976 
13108.2 0.565596 
13146.3 0.565215 
13184.4 0.564834 
13222.4 0.564453 
13260.5 0.561354 
13298.6 0.556727 
13336.7 0.551981 
13374.7 0.54711 
13412.8 0.542108 
13450.9 0.53131 
13489 0.531605 
13527.1 0.531896 
13565.1 0.532182 
13603.2 0.532463 
13641.3 0.532739 
13679.4 0.532736 
13717.4 0.532143 
13755.5 0.531548 
13793.6 0.530952 
13831.7 0.530354 
13869.7 0.529754 
13907.8 0.529032 
13945.9 0.528194 
13984 0.527353 
14022 0.526509 
14060.1 0.525662 
14098.2 0.524813 
14136.3 0.523871 
14174.3 0.522869 
14212.4 0.521864 
14250.5 0.520853 
14288.6 0.519839 
14326.7 0.51882 
14364.7 0.51773 
14402.8 0.516594 
14440.9 0.515451 
14479 0.514303 
14517 0.513149 
14555.1 0.511988 
14593.2 0.510774 
14631.3 0.50951 
14669.3 0.508238 
14707.4 0.506959 
14745.5 0.505671 
14783.6 0.504375 
14821.6 0.503044 
14859.7 0.501653 
14897.8 0.500253 
14935.9 0.498842 
14973.9 0.49742 
15012 0.495987 
15050.1 0.49454 
15088.2 0.493015 
15126.3 0.491477 
15164.3 0.489926 
15202.4 0.488361 
15240.5 0.486782 
15278.6 0.485189 
15316.6 0.483539 
15354.7 0.481851 
15392.8 0.480147 
15430.9 0.478425 
15468.9 0.476686 
15507 0.474928 
15545.1 0.473142 
15583.2 0.471285 
15621.2 0.469407 
15659.3 0.467507 
15697.4 0.465585 
15735.5 0.46364 
15773.5 0.46167 
15811.6 0.459643 
15849.7 0.457565 
15887.8 0.455458 
15925.9 0.453324 
15963.9 0.451159 
16002 0.448964 
16040.1 0.446738 
16078.2 0.444431 
16116.2 0.442081 
16154.3 0.439694 
16192.4 0.43727 
16230.5 0.434807 
16268.5 0.432304 
16306.6 0.429758 
16344.7 0.427115 
16382.8 0.424427 
16420.8 0.421691 
16458.9 0.418906 
16497 0.41607 
16535.1 0.413182 
16573.1 0.410232 
16611.2 0.407178 
16649.3 0.404065 
16687.4 0.40089 
16725.5 0.397651 
16763.5 0.394346 
16801.6 0.390974 
16839.7 0.387528 
16877.8 0.383961 
16915.8 0.380318 
16953.9 0.376599 
16992 0.372802 
17030.1 0.368924 
17068.1 0.364964 
17106.2 0.360921 
17144.3 0.356747 
17182.4 0.352484 
17220.4 0.348134 
17258.5 0.3437 
17296.6 0.33918 
17334.7 0.334577 
17372.7 0.329892 
17410.8 0.325096 
17448.9 0.320209 
17487 0.315249 
17525.1 0.310223 
17563.1 0.305137 
17601.2 0.299996 
17639.3 0.294809 
17677.4 0.289572 
17715.4 0.284275 
17753.5 0.278959 
17791.6 0.273633 
17829.7 0.268308 
17867.7 0.262994 
17905.8 0.2577 
17943.9 0.252436 
17982 0.247188 
18020 0.241982 
18058.1 0.236836 
18096.2 0.231757 
18134.3 0.226752 
18172.3 0.221827 
18210.4 0.216988 
18248.5 0.212237 
18286.6 0.207558 
18324.6 0.202979 
18362.7 0.1985 
18400.8 0.194123 
18438.9 0.18985 
18477 0.18568 
18515 0.181614 
18553.1 0.177645 
18591.2 0.173767 
18629.3 0.169991 
18667.3 0.166316 
18705.4 0.162739 
18743.5 0.159259 
18781.6 0.155873 
18819.6 0.152579 
18857.7 0.149369 
18895.8 0.146242 
18933.9 0.1432 
18971.9 0.140242 
19010 0.137365 
19048.1 0.134566 
19086.2 0.131844 
19124.2 0.129196 
19162.3 0.126615 
19200.4 0.1241 
19238.5 0.121653 
19276.6 0.119271 
19314.6 0.116952 
19352.7 0.114695 
19390.8 0.112497 
19428.9 0.110356 
19466.9 0.108269 
19505 0.106232 
19543.1 0.104248 
19581.2 0.102314 
19619.2 0.100429 
19657.3 0.0985911 
19695.4 0.0967994 
19733.5 0.0950521 
19771.5 0.0933474 
19809.6 0.0916806 
19847.7 0.0900543 
19885.8 0.0884673 
19923.8 0.0869184 
19961.9 0.0854063 
20000 0.08393 
