1000 0.926138 
1038.08 0.925849 
1076.15 0.925503 
1114.23 0.925053 
1152.3 0.924511 
1190.38 0.923892 
1228.46 0.923206 
1266.53 0.922495 
1304.61 0.92175 
1342.69 0.92092 
1380.76 0.920009 
1418.84 0.919008 
1456.91 0.917922 
1494.99 0.916764 
1533.07 0.915522 
1571.14 0.914159 
1609.22 0.912654 
1647.29 0.910994 
1685.37 0.909128 
1723.45 0.907057 
1761.52 0.904719 
1799.6 0.902004 
1837.68 0.898767 
1875.75 0.894623 
1913.83 0.889099 
1951.9 0.881048 
1989.98 0.86692 
2028.06 0.783685 
2066.13 0.70891 
2104.21 0.646722 
2142.28 0.711288 
2180.36 0.740643 
2218.44 0.753979 
2256.51 0.762526 
2294.59 0.768534 
2332.67 0.772902 
2370.74 0.776071 
2408.82 0.778254 
2446.89 0.779468 
2484.97 0.77943 
2523.05 0.776081 
2561.12 0.74275 
2599.2 0.766621 
2637.27 0.771259 
2675.35 0.774057 
2713.43 0.776001 
2751.5 0.777381 
2789.58 0.77828 
2827.66 0.778641 
2865.73 0.778203 
2903.81 0.769952 
2941.88 0.771629 
2979.96 0.7735 
3018.04 0.77428 
3056.11 0.774647 
3094.19 0.774688 
3132.26 0.773577 
3170.34 0.769328 
3208.42 0.768462 
3246.49 0.770374 
3284.57 0.770533 
3322.65 0.770457 
3360.72 0.770247 
3398.8 0.769964 
3436.87 0.769611 
3474.95 0.769153 
3513.03 0.768656 
3551.1 0.768124 
3589.18 0.767497 
3627.25 0.766845 
3665.33 0.766167 
3703.41 0.765409 
3741.48 0.764635 
3779.56 0.763828 
3817.64 0.762964 
3855.71 0.762086 
3893.79 0.761158 
3931.86 0.760202 
3969.94 0.759231 
4008.02 0.758204 
4046.09 0.757171 
4084.17 0.756091 
4122.24 0.754992 
4160.32 0.753876 
4198.4 0.752718 
4236.47 0.751559 
4274.55 0.750342 
4312.62 0.749128 
4350.7 0.747871 
4388.78 0.746604 
4426.85 0.745308 
4464.93 0.743992 
4503.01 0.742656 
4541.08 0.741293 
4579.16 0.739918 
4617.23 0.738512 
4655.31 0.737099 
4693.39 0.735651 
4731.46 0.734199 
4769.54 0.732711 
4807.62 0.731221 
4845.69 0.729696 
4883.77 0.728168 
4921.84 0.72661 
4959.92 0.725044 
4998 0.723453 
5036.07 0.72185 
5074.15 0.720227 
5112.22 0.718587 
5150.3 0.716936 
5188.38 0.71526 
5226.45 0.713581 
5264.53 0.711869 
5302.6 0.710165 
5340.68 0.708418 
5378.76 0.706677 
5416.83 0.704908 
5454.91 0.703131 
5492.99 0.70134 
5531.06 0.699529 
5569.14 0.697718 
5607.21 0.695872 
5645.29 0.694032 
5683.37 0.692164 
5721.44 0.690291 
5759.52 0.688407 
5797.6 0.686499 
5835.67 0.684596 
5873.75 0.68266 
5911.82 0.680725 
5949.9 0.678776 
5987.98 0.676808 
6026.05 0.674844 
6064.13 0.672848 
6102.2 0.670852 
6140.28 0.668847 
6178.36 0.666819 
6216.43 0.664796 
6254.51 0.662748 
6292.59 0.660693 
6330.66 0.658639 
6368.74 0.656554 
6406.81 0.654473 
6444.89 0.65238 
6482.97 0.65027 
6521.04 0.648163 
6559.12 0.646035 
6597.19 0.6439 
6635.27 0.641767 
6673.35 0.639606 
6711.42 0.637445 
6749.5 0.635284 
6787.58 0.633096 
6825.65 0.63091 
6863.73 0.628721 
6901.8 0.62651 
6939.88 0.624301 
6977.96 0.622085 
7016.03 0.61985 
7054.11 0.617617 
7092.18 0.615377 
7130.26 0.613119 
7168.34 0.610864 
7206.41 0.608602 
7244.49 0.606321 
7282.57 0.604044 
7320.64 0.601761 
7358.72 0.59946 
7396.79 0.597162 
7434.87 0.594862 
7472.95 0.59254 
7511.02 0.590222 
7549.1 0.587905 
7587.17 0.585563 
7625.25 0.583225 
7663.33 0.580888 
7701.4 0.578534 
7739.48 0.576176 
7777.55 0.573822 
7815.63 0.571456 
7853.71 0.56908 
7891.78 0.566708 
7929.86 0.564331 
7967.94 0.561938 
8006.01 0.559548 
8044.09 0.55716 
8082.16 0.554753 
8120.24 0.552346 
8158.32 0.549942 
8196.39 0.54753 
8234.47 0.545106 
8272.54 0.542685 
8310.62 0.540268 
8348.7 0.537829 
8386.77 0.535393 
8424.85 0.53296 
8462.93 0.530519 
8501 0.528068 
8539.08 0.52562 
8577.15 0.523175 
8615.23 0.520713 
8653.31 0.518251 
8691.38 0.515792 
8729.46 0.513331 
8767.54 0.510854 
8805.61 0.508381 
8843.69 0.505911 
8881.76 0.503432 
8919.84 0.500945 
8957.92 0.498462 
8995.99 0.495981 
9034.07 0.493486 
9072.14 0.490989 
9110.22 0.488495 
9148.3 0.486004 
9186.37 0.483494 
9224.45 0.480986 
9262.53 0.478481 
9300.6 0.475979 
9338.68 0.473456 
9376.75 0.470937 
9414.83 0.468421 
9452.91 0.465906 
9490.98 0.463371 
9529.06 0.46084 
9567.13 0.458312 
9605.21 0.455785 
9643.29 0.453236 
9681.36 0.45069 
9719.44 0.448147 
9757.52 0.445607 
9795.59 0.443043 
9833.67 0.440481 
9871.74 0.437923 
9909.82 0.435366 
9947.9 0.432794 
9985.97 0.430222 
10024 0.427651 
10062.1 0.425083 
10100.2 0.422492 
10138.3 0.419889 
10176.4 0.417288 
10214.4 0.414688 
10252.5 0.412072 
10290.6 0.409428 
10328.7 0.406784 
10366.7 0.404141 
10404.8 0.401496 
10442.9 0.398791 
10481 0.396084 
10519 0.393374 
10557.1 0.390663 
10595.2 0.387894 
10633.3 0.385082 
10671.3 0.382264 
10709.4 0.379439 
10747.5 0.376591 
10785.6 0.373573 
10823.6 0.37054 
10861.7 0.367489 
10899.8 0.364421 
10937.9 0.361042 
10976 0.357362 
11014 0.35362 
11052.1 0.34981 
11090.2 0.345924 
11128.3 0.326859 
11166.3 0.295021 
11204.4 0.235684 
11242.5 0.188564 
11280.6 0.234847 
11318.6 0.235839 
11356.7 0.236778 
11394.8 0.237662 
11432.9 0.238494 
11470.9 0.238471 
11509 0.2372 
11547.1 0.235927 
11585.2 0.234652 
11623.2 0.233374 
11661.3 0.231798 
11699.4 0.229954 
11737.5 0.228106 
11775.6 0.226253 
11813.6 0.224395 
11851.7 0.222346 
11889.8 0.220154 
11927.9 0.217951 
11965.9 0.215737 
12004 0.21351 
12042.1 0.211128 
12080.2 0.208614 
12118.2 0.20608 
12156.3 0.203524 
12194.4 0.200946 
12232.5 0.198218 
12270.5 0.195305 
12308.6 0.192356 
12346.7 0.189371 
12384.8 0.186346 
12422.8 0.183154 
12460.9 0.179553 
12499 0.175888 
12537.1 0.172158 
12575.2 0.168362 
12613.2 0.164499 
12651.3 0.156293 
12689.4 0.147724 
12727.5 0.138908 
12765.5 0.129956 
12803.6 0.12101 
12841.7 0.0795428 
12879.8 0.0855723 
12917.8 0.0918606 
12955.9 0.0983537 
12994 0.10498 
13032.1 0.11006 
13070.1 0.108127 
13108.2 0.106201 
13146.3 0.104281 
13184.4 0.102369 
13222.4 0.100466 
13260.5 0.0960177 
13298.6 0.0903578 
13336.7 0.0848968 
13374.7 0.0796668 
13412.8 0.0746906 
13450.9 0.0805652 
13489 0.0795459 
13527.1 0.0785304 
13565.1 0.0775189 
13603.2 0.0765116 
13641.3 0.075509 
13679.4 0.0743257 
13717.4 0.0727639 
13755.5 0.071225 
13793.6 0.0697094 
13831.7 0.0682178 
13869.7 0.0667506 
13907.8 0.0652419 
13945.9 0.0636997 
13984 0.0621887 
14022 0.0607089 
14060.1 0.0592605 
14098.2 0.0578435 
14136.3 0.0564194 
14174.3 0.0550052 
14212.4 0.0536253 
14250.5 0.0522795 
14288.6 0.0509673 
14326.7 0.0496884 
14364.7 0.0484202 
14402.8 0.0471723 
14440.9 0.0459582 
14479 0.0447772 
14517 0.0436285 
14555.1 0.0425116 
14593.2 0.0414138 
14631.3 0.0403367 
14669.3 0.0392904 
14707.4 0.0382742 
14745.5 0.0372871 
14783.6 0.0363285 
14821.6 0.0353926 
14859.7 0.0344746 
14897.8 0.0335834 
14935.9 0.0327184 
14973.9 0.0318787 
15012 0.0310635 
15050.1 0.0302716 
15088.2 0.0294937 
15126.3 0.0287387 
15164.3 0.0280059 
15202.4 0.0272945 
15240.5 0.0266038 
15278.6 0.0259333 
15316.6 0.0252778 
15354.7 0.0246393 
15392.8 0.0240194 
15430.9 0.0234174 
15468.9 0.0228328 
15507 0.0222649 
15545.1 0.0217126 
15583.2 0.0211723 
15621.2 0.0206475 
15659.3 0.0201376 
15697.4 0.0196422 
15735.5 0.0191608 
15773.5 0.0186929 
15811.6 0.0182363 
15849.7 0.0177912 
15887.8 0.0173585 
15925.9 0.0169379 
15963.9 0.0165289 
16002 0.0161312 
16040.1 0.0157444 
16078.2 0.0153662 
16116.2 0.0149981 
16154.3 0.0146401 
16192.4 0.0142917 
16230.5 0.0139528 
16268.5 0.013623 
16306.6 0.0133019 
16344.7 0.0129879 
16382.8 0.0126823 
16420.8 0.0123848 
16458.9 0.0120952 
16497 0.0118132 
16535.1 0.0115386 
16573.1 0.011271 
16611.2 0.0110094 
16649.3 0.0107546 
16687.4 0.0105065 
16725.5 0.0102647 
16763.5 0.0100292 
16801.6 0.00979966 
16839.7 0.00957594 
16877.8 0.00935713 
16915.8 0.00914389 
16953.9 0.00893606 
16992 0.00873347 
17030.1 0.00853599 
17068.1 0.00834343 
17106.2 0.0081557 
17144.3 0.00797207 
17182.4 0.00779296 
17220.4 0.00761828 
17258.5 0.00744793 
17296.6 0.00728176 
17334.7 0.00711967 
17372.7 0.00696155 
17410.8 0.00680698 
17448.9 0.00665601 
17487 0.00650873 
17525.1 0.00636499 
17563.1 0.00622473 
17601.2 0.00608785 
17639.3 0.00595424 
17677.4 0.00582374 
17715.4 0.00569611 
17753.5 0.00557151 
17791.6 0.00544988 
17829.7 0.00533113 
17867.7 0.00521519 
17905.8 0.00510197 
17943.9 0.00499142 
17982 0.00488326 
18020 0.00477757 
18058.1 0.00467435 
18096.2 0.00457354 
18134.3 0.00447506 
18172.3 0.00437886 
18210.4 0.0042849 
18248.5 0.00419307 
18286.6 0.00410318 
18324.6 0.00401537 
18362.7 0.00392957 
18400.8 0.00384572 
18438.9 0.0037638 
18477 0.00368374 
18515 0.00360549 
18553.1 0.00352897 
18591.2 0.00345409 
18629.3 0.00338089 
18667.3 0.00330936 
18705.4 0.00323943 
18743.5 0.00317107 
18781.6 0.00310424 
18819.6 0.0030389 
18857.7 0.00297497 
18895.8 0.00291241 
18933.9 0.00285124 
18971.9 0.00279142 
19010 0.00273294 
19048.1 0.00267575 
19086.2 0.00261982 
19124.2 0.00256512 
19162.3 0.00251158 
19200.4 0.00245918 
19238.5 0.00240794 
19276.6 0.00235781 
19314.6 0.00230878 
19352.7 0.00226082 
19390.8 0.0022139 
19428.9 0.002168 
19466.9 0.00212308 
19505 0.0020791 
19543.1 0.00203606 
19581.2 0.00199396 
19619.2 0.00195277 
19657.3 0.00191247 
19695.4 0.00187303 
19733.5 0.00183444 
19771.5 0.00179667 
19809.6 0.00175968 
19847.7 0.00172347 
19885.8 0.00168804 
19923.8 0.00165337 
19961.9 0.00161944 
20000 0.00158623 
